0.0115879551597444 -0.0660097304206696 0.00136832180794827 0.0275369569429979
0.0201634752545389 -0.041030586848027 -0.0163569277165803 -0.0727960192663609
-0.0707087168542036 0.0836101045266781 -0.0717445468282544 -0.0643919648597288
-0.0854690072175877 0.100152929804072 -0.0317942335237745 -0.100063110140747
0.0289084128854472 -0.0402438790214453 -0.033056032705678 0.0573657121203802
-0.087487851624245 0.00876462954759524 0.000714835378916251 0.0726437260753691
-0.068224087726374 -0.0143391411052003 0.0270021260719915 0.0136911157975224
-0.107253563765137 0.0352344892934336 -0.056485456462062 -0.0469049226597438
-0.100443005464847 0.0511029923151622 -0.0315046521586919 -0.0607839385533466
0.0456154500771494 0.0130639284008009 -0.0605846290485234 0.0181925281792096
-0.0264508389325973 -0.038935062547982 0.0733165806090768 0.071626033545742
0.0136310237264353 0.0119193757881251 0.00171634305190556 0.0235102508020525
-0.0274748647243961 -0.0154554329136343 0.000421915961290712 -0.00773761310725985
-0.0936082757870705 0.0468674943161904 0.0544882944835303 -0.06890449966799
0.00724838477218863 -0.0705446542919242 -0.0373628926009861 0.0435866790448268
0.0555247290797532 0.0124159852191362 -0.0133609645111589 0.0369381601034878
0.0333041277896701 -0.0306371297230686 -0.0399827995542524 0.0816034086814279
0.0445351556939543 0.0491739890399772 0.0319991520524881 -0.085739862394727
0.0468679762952036 0.00529840127238855 -0.0867842323607268 -0.0238075151047736
0.00335709796217465 -0.0807699684614335 -0.0494717809326126 0.0322283012887612
0.00300227585326367 0.0299952563182038 -0.00530315366717508 -0.0122044997087379
-0.0367489100768183 0.0466620166464178 -0.00870021206875029 0.0377761023256569
-0.00769233259223338 -0.0929655834356737 -0.0162832149363696 -0.000735622292624286
-0.115165472552574 0.0663742261893621 -0.00162554187237636 -0.0183925570739713
-0.0111744807511897 0.0785416616606881 0.0814002022681865 -0.0421130180845632
-0.0955602285874705 0.01099790925989 -0.0546481752042041 0.0330324874962711
0.0261529373083024 -0.00498325280859695 0.00602094111173287 -0.0146858147713657
0.049376617075847 0.0536102180729481 -0.00730050784234992 -0.00864653718381176
0.025130273859604 -0.0662271137043568 -0.0118900788330612 0.0113483985884519
-0.0213633311755498 0.0474167796422006 0.0557662584670686 0.00513876875893565
0.0491460218157396 -0.00859260408941759 -0.0509618464641025 -0.0277095716230902
0.00068887769338652 -0.107968840467949 -0.0694960288104258 -0.00868626384432632
0.0383258168863965 -0.0284935599692298 -0.0572860131019528 -0.0202191099963618
0.0285385359305433 -0.0429147973668805 -0.00492227900470041 0.0740487890599908
0.0134980586460544 -0.105758355002382 -0.0429472235285386 0.0152880880975546
0.0250838263199486 -0.065063724670874 0.00333878269418534 -0.0214898570873895
0.00533847493098467 0.00408287383099793 0.080095595299821 0.102558948411243
-0.0739498605058232 -0.0411605885778862 0.00903494550440449 -0.0239723368637635
0.0195831999564802 -0.048627047110021 -0.063746724631723 -0.00731176547564128
0.0084555225097847 0.0154117857540771 0.0671306160208751 0.0329627777777765
0.0148694962375019 0.0256793606762283 0.082746563041849 0.0697727448904998
-0.0866015769981398 -0.0326406347392316 -0.0224749436070066 -0.0316432386214983
-0.0952919895521451 0.0256797050741722 -0.0136812288382545 0.016140064626402
-0.0320610908454169 -0.017595729950909 0.0866873382446089 0.0761229935438193
-0.0919750645975539 0.0115133695280592 0.0160839596688585 0.00572001904570333
0.0258295077343814 -0.0142333098317513 0.0486107141657232 -0.143340497217293
0.0278134724390675 -0.0695595008654929 0.0267532611945176 -0.0650468984823103
0.010650828844758 -0.0395826129993883 -0.0294076904948891 -0.0013466480324193
0.0257268406012125 -0.0603077509810061 0.0269677891398854 -0.0582770794195516
-0.00822877294971482 -0.0700737185185937 0.0203964850203262 -0.0244946276884652
0.0541410291278123 -0.0294988962840043 0.007623845385052 -0.0331583004424912
0.0217341473916734 -0.0676436444203786 -0.0105279171871694 -0.0164308152742322
0.0423747967247451 -0.0220355392501618 -0.0151951190119365 -0.0216009631753484
0.019489025255111 0.0423555621679315 0.0913459116313348 -0.0252149240317364
0.0116317759042071 0.00754569877978554 -0.0322900523472781 0.0805964881211324
0.0377946176222133 -0.0645148115402275 -0.00990643357001986 -0.0201119879765968
0.00576245628734058 -0.0827064643556318 -0.0340124070885321 -0.00641411615893538
-0.101925397861168 0.0338019509946517 0.00301872721000188 -0.0659757261985843
0.0730948057551033 0.0421042051093677 -0.0260806230695162 0.00017002224301195
-0.0791590233269247 -0.0176466058885021 -0.0424194539517746 -0.038825978427486
0.0088228233820754 -0.0899271419665961 0.0208513718536439 0.015713242719814
0.0354104768862316 -0.03518591987941 -0.0557065995834386 0.0828385778565893
0.0352095463421315 0.0765100184771075 0.0405554796750021 -0.0798798878482568
0.0261541007800644 -0.0135658585654869 -0.0341318700648372 -0.0823280028382952
-0.0890203973073158 -0.0201577306467702 -0.0326141219980112 -0.0440898182404406
0.022966177982866 -0.0708434324498932 -0.0176352917608013 0.0162943452711395
-0.0837071421103814 0.0025177064184221 -0.0177250251764727 -0.0564647799654333
-0.0950606288816774 0.035481495104943 -0.0152203454790496 -0.0947135919778977
0.0406054789830787 0.0126734488110637 0.00582976701659131 -0.046210992454986
0.0835547790601445 0.149753829959735 -0.0603104568822505 -0.0584515706497668
0.0296893798926944 -0.0264044440763416 -0.0336894826708237 0.0617286095901749
-0.00590189460073295 0.0264517569488212 0.0200843541210131 0.0683469155059958
0.0189739175016878 0.0449949095701273 0.011232945067663 0.0419336643689205
0.0335604953636974 0.0558890297420464 -0.00257094846963607 -0.0383012134618225
0.0518259550722198 0.110205319179184 -0.0998415701517938 0.156575039398151
-0.00222070886726718 -0.000511569384393778 0.0310023248995932 0.0988762078616786
0.0318016391862972 0.027020895660775 0.118367473218745 0.0166822197354077
0.0502764280871028 0.0724767390906779 0.0558352194787932 -0.112245563916637
0.00745824178077021 -0.0533176380982891 0.047397636933974 0.00350107417337857
0.0367932023925387 -0.00532054385706957 0.0338640100400977 0.0142537173785767
0.0273700016659396 0.0229937782595185 0.0799388707217351 -0.0300668349900454
-0.0871635492432149 0.0697527721848752 -0.0415383691717311 0.0425248300522406
0.0673170296550693 0.0294267157425141 0.0275273725875103 0.0171842454891675
-0.102840111611479 0.0474091024884057 -0.0397394432178817 0.00953778905844513
0.0473761026115944 0.016472954134955 -0.0229909493092964 0.0447658388334541
0.0333024403612256 0.064296810757805 0.0138563492998546 0.0893828971026591
0.0473981896099034 0.044498719570127 -0.0891017276557267 0.0877250964853701
0.0175462454289662 0.0663476993497832 0.0571302201607751 0.0981621528096111
0.0560281334516757 0.0513933532033305 -0.023475844296496 -0.0286527054537233
0.0582680373492505 0.0522419196420552 -0.0799468048810138 0.0604207000370343
0.0353162552202192 0.00833849134622016 0.142519607089964 -0.00552294041802756
0.0657625862582133 0.0837103464419178 -0.0437055978311051 0.0369673005756115
0.0396192684473711 -8.23869092802295e-06 -0.0996345234797921 0.061431245382917
0.0450408242074198 0.0116630488529567 -0.0503013700979638 0.123669275076708
0.031787125536219 0.0347382463038473 -0.0477007605238588 0.0723224371703636
-0.0300308353323327 -0.067057616455318 -0.034334466464384 0.00990957767774809
0.0210381511294286 0.0444495114590215 0.0600471702595443 0.0680670297224954
-0.0139088902380029 0.0496293173846173 0.0646692962300825 -0.0204142461302818
0.0307677329406059 -0.0310171782077949 -0.0813671114949912 -0.0373214892562344
0.0437200984689484 0.00860309021924719 0.0259503203004966 -0.0149244540971471
-0.0510077142200812 -0.0112253796024586 0.0765982231752524 0.0164556437295917
0.00863462080466766 -0.0252463173696102 -0.0361917392745511 0.0483266253434588
0.0567032341587294 0.0270263129678655 -0.0601854632819776 0.00882322638450228
-0.0201160702365883 0.0206588261378757 0.0828482217584662 0.109977886755468
0.0247063574953557 -0.0492302031153373 0.0299174492495419 -0.0365083620167701
0.0687071995927303 0.0469169595504923 0.0243299306992576 0.0134068551215447
0.012749879035864 -0.00188803030546672 -0.00367619076126957 -0.0186303073554295
0.0502249543547561 -0.0374622866477154 -0.0201091873521557 -0.0269233981002943
0.0459652409330484 0.0236445995330935 -0.0411330887021573 0.0416845178723116
-0.0156814328361383 0.0118316524465354 0.0790110701756922 0.0844115592410031
0.0302958385652593 0.0653177701277021 0.131681648382053 0.0271089654224132
0.0477635319514314 0.0824299905568814 0.00495867523478511 0.0443938195706821
0.0293768560915298 0.0210439726569606 0.0273094303617654 0.012926920039499
-0.01438559466656 0.0211521835279151 0.124393961358488 0.0580401742605153
0.0238370343732072 0.122590651959356 0.0445404981631649 0.0584799709151554
0.0266512891037649 -0.0382466230293959 0.0130853233016729 -0.0587268998691907
-0.0345289911709389 -0.00820069961825082 0.0555403965923236 0.0767496243211461
0.0267476265873237 0.0296911045231408 -0.00844437307334357 0.0400693709182858
0.0297884130287513 -0.00888023665250388 0.0110372077807657 0.00290974068044119
0.0088900769763268 -0.0175556844881089 -0.00697480106004962 0.0304382694432376
-0.0807825056159902 0.0838683420614164 -0.0544898661065473 -0.0224965460855992
0.0217613128887999 0.0731584550126546 0.0832087069560235 0.0079605934230541
0.0286155776470778 0.131784093647589 0.0449295355121247 0.0126972683062061
-0.0799049675604722 0.0155666295453467 -0.0166875491119991 0.10145369095005
-0.0101107455842246 0.0169629096104375 0.0632781119923311 0.0386437908477188
-0.0827407988767807 0.0615660329657371 -0.107763815656643 0.0599652434012986
-0.0013350759994277 -0.00146097594452291 0.0260562050794697 0.075047617240692
-0.108213698404437 0.0359276105566467 -0.0827994649455441 -0.0319907064952933
0.02907228995476 0.00838512301837984 -0.0297046737665846 0.0477765001095368
0.0528786977036932 0.0160363290182154 0.0125683086419252 -0.0456459196947528
-0.100153714593153 0.0412959789167411 -0.093677687577285 0.0422485734920681
0.0502052964368556 0.0182279252479332 -0.0205908778072552 0.0819065869956555
-0.0730062704326008 0.0585198145031046 -0.0141049351376319 0.0741352649943462
0.0362006592257377 -0.0633579763459315 -0.0390370228719044 0.0102620183447545
0.0390820731009885 0.0513707616988175 0.0973000605596689 0.0707714683775612
-0.00313895025189106 0.0209036285814195 0.042022002870806 0.0957433201168522
0.037887947036952 0.0274142104881929 0.0194878863997468 -0.0159184038533487
-0.0662654921468922 -0.0143748428798353 -0.00688542672612694 -0.0866066779594499
0.00203692234169645 0.0239923581763505 -0.0694622994893247 0.0445819563597871
0.0337616238087538 0.0481108252718365 -0.0255296483289323 0.0762946220197862
-0.0796552699248605 0.0503626873746715 -0.0388724207084591 0.0426138669837313
0.0144847472253746 -0.0403980250518335 0.0788763767684741 -0.0816168318199454
0.0329606066921195 -0.0379745363223374 0.0175817855718894 0.00177966006336556
0.053491097067218 -0.0112135210381189 0.00833753873364354 0.0494457850261279
0.0308024380101924 -0.0403403065009935 -0.0244429573465853 0.0143563066923071
0.0364419834002221 0.0127177590326784 -0.109027785498869 0.0469867282963375
-0.103098903334842 0.0205152755482899 -0.0332349155450571 -0.0132729938616576
0.00792904844489954 -0.0351516382553415 0.000251663319044384 0.0397507942328672
0.0208554183652592 -0.00872144402049256 0.0535468479810283 -0.00790376128807718
-0.00825518498364886 -0.0171587116241212 -0.00821054580012782 0.00121825931971499
0.0148026592202096 -0.0123899648083084 0.0649243301234262 0.0802230405307551
0.0156794760183445 0.0775154915385375 0.0355630379924251 0.0220087281099845
-0.0483488914828132 0.0197150877729867 0.0817442323719417 0.0918362407487096
0.0648538517165069 0.141994725054197 -0.0325207087253433 -0.0339392973748696
-0.098047213133338 0.0645266591829663 0.0340330861956145 -0.0202387604204505
0.0509706380158647 0.0604680003281739 -0.0339859123067234 -0.00160866442944268
0.036967067822093 -0.0495003776551406 0.0223539161958895 0.005431399612856
0.0101596642753175 -0.0524606349152264 0.0163208382255935 -0.0405438825014591
-0.0172593334811093 -0.00276599042801442 -0.0505407614130687 -0.0126908857044739
-0.00029503342518044 0.0274350901255517 -0.000492542453596733 0.0232646494921346
-0.0138682472745628 -0.0334150091039821 0.124587302798989 0.0477916698769485
0.0254243319224648 -0.0937428491419244 -0.0137734995002488 0.0090708918358152
0.0276057246509314 -0.0204405583728004 -0.0217362866417639 -0.0531462831691688
0.0725823927105315 0.052113644880626 0.0118559076200324 -0.169664631058467
0.0216778320874416 -0.0674938327748706 -0.00758315223287004 -0.0168976547957894
-0.0703400839659649 0.0103496116348198 -0.000474365692939603 -0.0387350327266464
0.0323934076834058 -0.00610423241277518 0.115751182580465 -0.0357873275586153
-0.108575358723181 0.0486754975090951 -0.0583388296001168 0.0558377031274208
0.0458616154358428 -0.00602944088932752 0.0143477391038547 -0.038600652882433
-0.0788333861059489 0.00841153390846481 0.0385366525529355 -0.0218503214657343
-0.0992091887204436 0.00120480327765652 -0.00105491879402914 -0.00674787145284489
0.00366856400499382 -0.0789565880247738 -0.0754462573270306 0.0218308142913032
0.055153954065378 0.0756331749756028 -0.0783255859978337 0.0182863746227969
0.0328000915673172 -0.0295907298987674 -0.00373622174364289 -0.0535937506845046
-0.0422472266431859 -0.0408774038517997 0.0893860500287959 0.0840488968656086
0.0309665340912866 -0.0385191119022556 0.0362695668736319 -0.0486325742893407
-0.0802697230987686 0.0248533655461692 -0.0432688933951109 -0.018514238452787
0.0320278577277346 -0.0123222668344877 0.029658442231476 -0.0155235636989236
0.0562433994924422 0.0671892501939577 -0.0898414951233597 -0.00517553339368164
0.00710275340689473 -0.0136720300024682 0.114615088209479 4.03468225574218e-05
-0.0838267623299489 0.0321577714329806 -0.0660245400333679 -0.102193232140283
0.0153624552860341 0.0315172282016128 0.0350822680504417 -0.0580892645468106
0.0662959767451471 0.0926922773435665 -0.0925304227621727 -0.0070183038659545
-0.0927891107005898 -0.0177416236184947 -0.0563857605569621 -0.0437008220433069
-0.00239017063977866 0.0317968058858888 0.037607516262079 -0.00252450244010088
0.040027593002284 0.0984064614322968 -0.0133297316179459 -0.0506452501150762
-0.0148610523978353 -0.0203164850485468 0.0722928051022266 0.0235172551784809
0.0121886832714366 0.0667759725622098 -0.0213151007946676 0.0292331494280279
0.0603292824647813 0.0218454364550888 0.0338331114218825 -0.159637579451771
0.0158667112267159 0.0662177663361224 0.0288083429401154 -0.0432030968909095
0.0438288387532873 0.0457143496860876 0.0340568893422853 -0.0242632522659164
-0.0940143366690793 0.0273246045090001 0.0246957913169058 -0.0466577381791183
-0.0854340877947263 0.0554951811222134 -0.0574962673871778 0.0152140552575204
-0.106904804465689 0.0563772372347958 -0.0233268508319267 0.011552068676407
-0.0906511617316264 -0.0353566679562345 0.00634917726699994 -0.049216595871559
0.0181063997477449 -0.0713956572882111 -0.0166273463277239 -0.0561524308871181
0.0102874204787131 -0.0969612921363126 -0.0390738088379355 -0.0402416879518842
0.0151266976521133 -0.0235310051759236 0.0544352479487298 -0.0447835197450222
-0.0980460204340552 0.0207931542411015 0.0255998298499972 -0.0385805779004771
0.031890806360754 0.00730153536461117 0.0185608771582823 0.0631881310022325
-0.00604608024177035 -0.0101311666240458 0.107094959247004 0.00584300897942599
0.00844499305159312 -0.0568064599003207 -0.0441570186509406 -0.0631257908835981
0.0726071814000257 0.0236922702486196 0.0299196853298767 -0.0344907381219469
-0.0056174126054655 -0.0126788153695705 0.0286499457319242 -0.0594615185217569
-0.00757204073054284 -0.0817936053283218 0.0254837341261675 -0.0234097537656361
-0.0972123733798291 0.00745690690570753 -0.0197347364702442 -0.0835595110178606
-0.102927522569339 0.0208332390496545 -0.00169930031421393 0.00722459002803999
-0.0964985502066048 0.00633668213204941 -0.0341477135136582 -0.0416466783929656
0.0334843442815471 0.0152387672755186 -0.000492230834296249 0.0449362474449622
0.00961413106007832 0.0517555720081597 0.0420773799681488 0.0422186827734306
0.0503380774349496 0.0442908715803492 0.00323889627488161 0.0740077708877917
0.0206875658679847 0.00198566516648598 0.077178649214272 -0.0113911036519542
-0.107410946494015 0.0341562722142215 0.00321089095501518 -0.0168943583733676
-0.0130146094282947 -0.037004688872119 0.0772393117951517 -0.0584357748728581
0.0294063671480863 0.00948945349877622 -0.0165301873911675 -0.0151236878216611
-0.109012205569474 0.0535564495091371 -0.0436262908146172 0.00703988012479358
0.0305584458033875 0.0157687844986996 -0.0535580155164421 0.0443762768773602
-0.00763743218949366 -0.0457072611705046 0.0657193821905097 0.0200416491068471
0.055259684871209 0.134955558073882 -0.00321873050194308 -0.162474315537037
0.0604721060846633 0.0286373327983959 -0.079268914192915 -0.0189996565975617
0.0467549027791972 -0.0175079964397413 0.0177714736368088 -0.0486455604949975
0.0306810951251101 -0.0160715309017637 0.0061484304020756 -0.00997689693205859
0.0476829724856995 -0.0245560283595772 0.00605655348552723 0.0231166234121938
-0.00558579854509856 -0.0856798163570041 -0.0776337997860869 -0.0171723468584422
-0.0792720820780072 -0.0222531589734111 0.00439506282352274 -0.0547116809251075
-0.0668066002448681 -0.0376698034700475 -0.0532924786645844 -0.0571015804518548
0.018529362768417 -0.0422556300240349 -0.00745449204496058 -0.0548832590296245
-0.0678987483811437 -0.0631623147707224 0.0122540807684688 -0.0390440102813628
0.015220945403283 0.00161376358812449 -0.063681124423756 0.0674825751299409
0.0296125468820178 -0.0259403101201584 -0.0380953036921997 -0.0362066364785507
-0.0853569114867103 -0.0179485851992302 -0.0499585366426189 -0.035420870413836
0.020139067247534 -0.0204144175376887 0.0530834640719979 0.0424436664583443
0.0078846681930561 -0.0919913715357518 0.000723467291977079 -0.00766823297181871
-0.00177169328571716 -0.0894347490430763 0.0174589695959542 0.0367410887806934
-0.0933337182822035 -0.0116097411825573 0.00845621007443206 -0.0047454984387599
0.0208391959281699 -0.00765339656023507 0.00493725213200668 -0.00676547156726103
0.0173605870107775 -0.0598040250071783 0.0205757611111276 -0.0700708762407792
-0.0343487438063165 -0.0642301326982512 0.0401275736562755 0.0735947136874932
-0.10421977477327 0.0288512152166224 -0.0366710141745681 -0.0182671025588934
0.0292641847088753 -0.0608507566715892 0.0466685238227536 -0.0198057592028534
0.0107450944956095 -0.0481678202935864 -0.0233469252402819 -0.0360659098276788
-0.00519014790247544 -0.0338492674321605 0.0509055333654476 0.0134907411453264
0.0101611654090392 -0.0652318669657237 -0.0478369214316384 -0.0171734311476668
0.0108976022678042 -0.0921977305551322 -0.0044417730442189 0.011941215027607
0.00499915037878945 -0.112550883725114 -0.0498285265630877 0.0252251633524902
0.0108973468238924 -0.0806549628579943 0.0370057076866017 -0.0567207107324832
-0.000364352561337627 -0.0826253991966489 -0.0238204219678296 0.0279653625666462
-0.0027916497972555 -0.0521674136158424 0.0887851995919353 0.0169335165271427
0.0307238710964142 -0.0129052271641952 -0.0414648273963479 0.00910376670134992
0.0105029638812643 -0.0197782945939546 0.0126406516163141 0.0394191389575088
0.0475156048987905 -0.00427824718092924 0.00703303196887813 -0.00652174785563007
-0.0820933794560609 -0.00142769491784995 -0.0559097386715647 0.0251840734391558
0.00807904923953535 0.00842911651388627 0.0750913003175625 -0.0239347590084005
-0.0049985878333982 -0.00890586749936745 0.0493173909671159 -0.01683101906428
0.0152419132424571 -0.0493855916021661 0.0585221175919864 -0.0223683046673067
0.0117760155838933 -0.0315474259665055 -0.0222477527868423 -0.0108324731706736
0.0275113244887124 0.00529335722706106 0.00599784313816501 -0.0320585860164536
0.055083290592691 0.0529137089309077 -0.0106419208963561 0.000500529860367939
0.00872868032902364 -0.076505262561553 0.0395895119195925 -0.0395381291630825
0.0551221148492945 -0.0059662125138807 0.0358808187061493 -0.022010346027188
-0.00131378977789614 -0.0899742613040651 0.0338554074441703 -0.0582455450414918
0.0140592297875634 -0.0239451806603744 0.0535919210308788 -0.0547558163737875
-0.0917418790424515 -0.0124496695238545 -0.00248277703013734 0.0209657962652495
0.0119939113606301 -0.0922335984949012 0.0317672299344695 -0.0624184992780301
0.0351107652012873 -0.0257048460287852 0.0901778110710496 -0.0338689133618405
0.0134352271440206 -0.0725376336768653 -0.0656719888085517 0.0245467894259198
-0.066658474237455 0.0534381302103098 -0.00547458385959856 -0.0155235574496092
0.0308812420423521 -0.0558330536629195 -0.0194943285599702 -0.0321541440264284
0.0194409197262681 -0.0102918542418595 0.00517006512281824 -0.0738506241460022
-0.0782507410911571 -0.0234634103438964 0.0187607579823881 -0.0461086112394118
0.061887635017302 0.0165551445933545 -0.0898739521327556 0.0398170078882845
0.01232044259097 -0.0935906160398276 -0.0405141081186819 -0.0481203818045677
0.0104640738886369 -0.0936459401400835 -0.0447017693121746 -0.00354131981607774
-0.0547794515640227 0.0537018218687928 0.133891933102737 0.0631700635398977
0.0402576241068491 -0.0213036210728224 -0.0474787885927541 -0.043577357064563
-0.00501039538607641 -0.0316973620855845 0.00751791825936762 0.0121623169634197
-0.010528102925968 -0.0604980887797205 -0.0242318626328573 0.0195836745077518
0.039313688681891 -0.0500625604107775 -0.0348766705783463 0.00583136221807052
0.0243636933480384 -0.0323559869312976 0.0527720201586664 -0.0365656739366486
0.00922443937304588 -0.00966263891948554 -0.065325537202693 0.0791085599059698
0.024764910082663 -0.0532188151380318 -0.0137005400928065 -0.0531016309156363
0.0214286474719487 -0.0153374075617837 0.054199848497058 -0.0394253273204744
0.0700031859853664 0.0931424374321771 -0.00478424153532883 -0.175645670446037
0.059849044273739 0.0297473746981227 -0.00136064903499848 -0.0238604547263287
0.0175705259386442 -0.070722362962322 0.027089901024549 -0.029053164269199
0.0179348801414279 0.0188519350759194 -0.00977323342227639 0.0537787692459873
0.0649488466799551 0.115851869439013 -0.109095641681078 -0.0534070790510497
0.0403129148868788 -0.00977624546057137 -0.0214648249322733 -0.0446436193222736
0.0285677923101545 -0.00717335041026524 0.123254518993704 -0.0715547228281237
-0.0708395739774997 -0.0465781106597252 -0.00837334778213074 -0.0390165824474434
0.0306855906482077 -0.0515044918469669 -0.0667391476348744 -0.0235282064864889
0.0156631132908538 -0.0648053531075198 -0.0312491959801058 0.000970496970266617
0.00483431510024109 -0.0659395465432758 0.0133596616540136 -0.014841388617337
-0.0798489158010144 0.0370970167718197 0.0672785611533531 -0.0376807039089225
0.0176279294165978 -0.00335961748053145 -0.0254029643488654 0.0605050126431204
0.00157002652445777 -0.0362516393150319 -0.00088485051393706 0.0412168127745729
0.044376825793187 0.0870318445834406 -0.028701408799186 0.0181239392628017
0.0178946985219158 -0.0840361797444497 -0.0509873136301974 -0.0172975436686868
0.0543630929743164 0.0222279831332747 -0.144833787908835 0.000569035378296307
0.0167957087261783 0.0149140992304129 0.0671849132201531 0.00536861551067294
-0.0797943370155896 -0.0155847624660553 -0.0533173736387601 0.0221934881325444
-0.00521691547218691 0.0258291532755867 0.00628533193573597 0.0117263233539445
0.0511410367471835 0.0396299715044857 -0.0650585801489179 0.0829573882732329
-0.102664349017737 0.0532960056349229 -0.0375301597514082 -0.00722573915983469
0.030488558098552 0.00350881498340335 0.100560292932159 0.0275979030550115
-0.104400791573554 0.01193719544775 -0.0503885561864823 0.0300714357681281
0.0237055157679169 -0.0460692222912927 0.00772711633278239 -0.0602128302770032
0.0324738006180836 0.000618336815259861 -0.0364135421329975 -0.0832524776697664
0.0488504150119171 -0.0471425310470891 -0.0283294909258923 0.0156745048874666
0.021404306049342 -0.0777234939852782 -0.0641115129576995 -0.0219896540602092
0.0119109913943604 -0.0187759016815615 0.0609001180545968 0.00963588238091367
0.0169083147840376 -0.0368391544509066 0.00870948102996879 -0.0613341028767036
-0.0880257290934332 -0.0353249990552404 -0.0111526578250535 -0.0104955728184163
-0.100136665234194 0.016938149008316 -0.0208742700037681 0.000867694460051805
-0.0448304674317678 0.0298631030926879 0.0775466475679308 0.0263163381261608
0.0585618285514632 0.125939168550981 -0.0108228452791269 -0.0738572048836876
0.0224869478663149 -0.0528421080781185 -0.0337254241629625 0.0398471084405148
0.00649641199773266 -0.0315091598551009 -0.023802630241482 0.0633122161105637
-0.0378981257615355 0.0204618269077635 0.0903568986235526 0.0847148966479669
-0.0226125834812761 -0.0354021965101986 0.0386965624111185 0.0940865719551267
0.0141367687802697 -0.0107980423664483 0.0340255057999665 -0.0287389638580531
0.0186092330117019 0.110944958146314 0.0509174602772199 -0.0501556185978169
-0.087181934325976 -0.00732008779539365 -0.0239924761483016 0.000449964547032788
0.0152436866771469 0.0233969744161734 0.0181160903556389 0.0523226642210724
0.0597407099827736 0.072868554494017 0.0538450735189319 -0.0963232718309972
0.021746859073953 -0.0105733945571633 -0.0401265059645469 0.0548018920236051
-0.0108599958254559 0.0146262609348143 0.12031005080307 0.0556007777649786
-0.000706023304107083 0.0114501390023168 -0.0101404228301676 0.0270447401499068
-0.060754725762719 -0.0235570048325929 0.0808839642577282 0.0479591267473338
-0.00646804501858037 -0.0428928121423161 -0.00532680061294398 0.0238964061439354
0.0518114840703435 0.0954624026644891 -0.0417811291402496 0.0161775592714379
-0.0849517929807986 0.0192239880108325 -0.0202460543590127 -0.0499522082877783
-0.0399863516332468 -0.0318601976453905 0.0544695020366596 0.0341244286301639
0.00128007921454529 0.0256740670876374 0.097540780029983 -0.0495091248366117
-0.013933203156761 -0.0207869696390424 0.0279660437973472 0.127863090696304
-0.0153951697008688 0.0154861663539445 0.0795095837393985 0.0023713980965751
0.00124715232881043 0.033824646076261 -0.0254019407985716 -0.000220302854683862
0.0162645033264237 -0.0364777922175454 -0.0129773971843996 -0.0176138244268426
0.0245846806115069 0.0307273179669638 0.0378018499815914 0.0562127239960154
0.00772384363280933 0.0820046021081947 0.0394173180530274 0.0263438306012432
0.0371015775573677 0.0793413783463572 -0.0170631840301758 -0.0181355044869999
0.00862899677707894 0.0804470437938792 -0.0318453056622009 -0.0301592665915501
-0.0555575391472192 -0.0172642093600569 0.0790987080788911 0.0119731279029321
0.0505095307056836 0.0638641639435414 -0.011192678175945 -0.0225726839389561
-0.0752713505019895 -0.0128351943372996 -0.0280506661412244 0.0809005010888971
-0.0804034043471929 0.0269232666922035 0.019726014283783 -0.021071094467163
0.0170641484437817 -0.0775313649878118 -0.0528604279515774 0.0350829046094659
-0.101811518244607 0.0225708837092063 -0.0875588758191026 0.0229596124200067
0.0309448680599539 -0.00276003448438515 0.031030722867866 -0.0215275505973869
0.0493959943075507 0.0804150583260165 0.0371763977291597 -0.00748328543626044
0.0523244005091237 0.0186052746227926 -0.0337834010150582 0.00775669692308704
0.0397315232289869 -0.026124279927575 -0.00744699280610623 -0.0248199741017851
0.0270817203373738 0.00182111861423522 0.109060360209595 0.00710983371412489
0.0403536727209215 -0.0216713369348564 0.0406530772640917 -0.0325145108794459
-0.106120678990059 0.024112645321361 -0.0152166297490875 -0.0677231083879079
0.0668522633739232 0.0364637002607091 0.0190228450298226 0.0538360945475017
-0.0415036359861406 0.0232238976931744 0.0498929569753042 0.0413200976740535
0.0249461859579223 -0.0474833394439463 -0.074619617622062 0.0369522922373609
0.0522090702767095 0.044044107894282 -0.0303731890290469 -0.0808291162958874
0.0270762346496046 0.00510365724839527 -0.0555012687239444 -9.66625807171229e-05
0.0118099179518318 -9.05858153553777e-05 0.033942859841109 0.0425569107853599
0.0336894823577878 0.0577978160237279 -0.053764606091493 0.0423864308112148
-0.0866854374851879 -0.0134895626589188 -0.00676031729930904 -0.0338634001237632
-0.0916882644744899 0.0424369054732172 0.0492401212339369 -0.00653040879215216
0.000283263264605028 -0.0271644956290689 -0.0129950103077224 0.0494154166708321
-0.10041576673613 0.00264800693979439 -0.0478628974047153 0.0457584112418764
-0.0107107131666862 -0.00780302138820827 0.0581932002830102 0.0622554457965391
0.0252804079420572 -0.0568298696309314 -0.0269306546668583 0.0706381067503698
0.0506722730819011 0.00459863851784473 -0.00409933916086 -0.00528308863611869
0.066193258532702 0.115748360552434 -0.015491310898842 -0.00200703694483316
0.0661054751256809 0.0441823332608402 -0.118607835752293 0.0393299626609415
-0.103849808347981 0.0913576743769888 -0.0888292053312304 0.0116599744061095
-0.0756689130592374 -0.00899598003760723 0.051477317239681 0.0370971468187594
0.0290732971134908 0.058088291170167 0.0164616053300741 0.0451649191818466
0.0372263299101381 -0.0601138132763935 -0.0209993509619231 0.00221999015802153
0.0218188670762467 -0.0396612279323872 -0.0241649876530017 -0.0135309982049814
0.00599840284531622 -0.0580055906798613 -0.0697780128947839 0.0558322027886874
0.03223978969663 -0.0247831621019541 -0.07464235755493 -0.0339087025714992
0.0694446444310906 -0.00422770576428425 -0.0514645076898643 0.0237930559334383
0.0125936729509002 -0.0175385619285631 -0.00946819900843376 0.0163966203695088
0.0175315426875141 -0.0567766847208052 -0.0460300791956753 0.00682754702484156
0.0429534940765979 0.0300489066218877 0.013724566150491 -0.0111444992623639
0.0222699713876767 -5.21416681890103e-05 -0.00120089229659915 0.0771097490346511
0.041828010446917 -0.0200074994219884 -0.0198949171303512 0.0225667395528575
0.00603084538793321 -0.0636595513795146 -0.0227509678325652 -0.00207139260510237
0.0399007552954304 0.0347314764925203 -0.0252238307008053 -0.012045573091962
0.0286215115116344 -0.0431596103465731 -0.0505591589257822 -0.00190301988270772
0.0668381513730559 0.0781991978322723 -0.0180576555701732 -0.0681925757991519
0.0395353896687964 0.0747495942607518 -0.0290764853280167 -0.114266212923664
0.0640708284350547 0.0500293892793896 -0.0583010447185115 -0.043390330966327
-0.0875299790503988 -0.00726866662763663 -0.0355676574380111 -0.0704525565111605
-0.0451945569550255 -0.0209716853929182 0.0486971039364044 0.0486029923047278
-0.0122648654940457 -0.113322166355329 -0.00411340207256576 -0.0132487161716069
0.048816275095723 -0.0314830862787473 -0.0357915626758789 0.026286989802073
-0.00902700365149503 -0.0697122555347918 0.0439782712905003 -0.0485987762342212
-0.090012274433453 -0.00839244294587109 -0.00929460141479901 -0.0599657489944575
0.0340813866415492 -0.068997399762613 -0.0207877626052593 -0.0298048885946245
0.0367324995416732 -0.0432301445857798 0.0143728982453342 -0.0359726709491377
