0.0186991435449046 0.075507391068423 -0.00318965944789715 0.0386370820295334
0.020654403875572 -0.0231504504098153 0.0132551415044905 -0.016541606306506
-0.102043967127384 -0.103008379961895 0.148534837981944 0.187083853615365
-0.11490332399662 -0.0427296861579178 0.0761511552772888 0.110842532762077
0.0312834592283006 0.0350623252880154 0.0243976593710164 -0.0180925304065446
-0.0920086020015928 0.00647240123028114 0.0302425498095883 -0.00721222368395553
-0.0556406892240814 0.0282010805371191 -0.0221223900727154 -0.105887466803846
-0.128015801303826 -0.0231922959300447 0.0513983087270345 0.00332809502806625
-0.115161008215648 -0.0239668738384109 0.110673581049217 0.101435797293845
0.0451105019423765 -0.011380433214208 0.0790572786331159 -0.0254671525087552
-0.0281195402491499 0.0281035037861276 -0.0335185828641068 0.0665091770698656
0.0108828807524835 -0.0144853453882694 -0.0584435394725299 -0.0386288820690354
-0.0221965046752003 0.0175120006994707 -0.0719847179658702 -0.0796014508852233
-0.0982431031213879 0.001291959456383 0.00283004430085601 -0.0838842034576383
0.0223509299640337 0.0596111269598299 0.0275676676157356 0.026634811156596
0.0469883899053985 0.0460599336719494 0.066981211044556 -0.0222117672114117
0.0384708388558374 0.0777366932493151 0.0160088044448161 0.00695969900165998
0.0398993846854977 -0.0865515922676483 0.034091619613092 -0.0134119568215583
0.0431448788869852 -0.0494988898460606 0.0672859291010701 -0.0508950415557545
0.0194421703761859 0.0856081232688214 0.0409835097458548 -0.0122604148039745
0.0141326373399165 -0.0672325563692858 -0.0684790111929574 0.00547379889472356
-0.0361473941874842 -0.0531557263470626 0.0118712697502834 0.05978539477968
0.00938086760918383 0.0552016506948416 0.0141557826343846 0.00264235661108218
-0.117158089763491 0.00233259157994974 0.0252798167919695 -0.00670935735313685
-0.0233276743586059 -0.0601073876812004 0.0166127962083251 0.156056433387201
-0.0953360509392061 0.00396147433390762 0.0242551462111074 -0.0321253988595126
0.0240400593799997 0.0669374818508681 0.00134662382808168 -0.0197711863228802
0.0333327610726443 -0.114116752864334 0.0269397351398428 -0.0209343894069222
0.0240203755730888 0.0794469312766039 0.0231936702268732 0.000389067072680508
-0.0235942420541501 -0.027824856586571 -0.0483649864688054 -0.025162218065874
0.0449410313808787 -0.00789653623791135 0.0716899866750361 -0.0491129800720304
0.0158286186334845 0.0666619236209987 0.0458387610008091 0.0125912823081384
0.0419334513079145 -0.0206711659540391 0.0333329292177966 -0.0614496222565301
0.0269566899733443 0.0359225502781098 -0.0364475044486577 -0.0391900595588446
0.0255871498067612 0.0759434746598919 0.0215860095879425 0.0131100778878426
0.0221605523760116 0.056501651992796 0.0292605140329334 4.97573813236605e-05
0.000499299632203346 -0.00253656637990369 -0.0832401024383693 0.0599102591284867
-0.0716740564782263 0.0426272739329266 -0.0396812443936028 -0.154684616556703
0.0304697263969714 0.0161525929699506 0.0318051646427076 -0.00606155276530313
0.00695638794444607 -0.00927270341204144 -0.0839056857606241 0.0116588469237226
0.00435670041695662 -0.0136343636797218 -0.0913187647032489 0.00843770805951385
-0.0865069417949806 0.0233300094733582 0.0137761159200079 -0.0625775842050174
-0.0957911042272002 -0.0131502257537814 0.00148388733889696 0.00261055474716077
-0.0247676711697978 0.00182719724274271 -0.0982958632405201 0.00204698230965999
-0.0961734291775574 -0.00920592201363766 0.0147784613455267 0.0183769528592891
0.0179700516730257 -0.021531452910253 0.00197862123444849 0.017086265135796
0.0322395234082272 0.0468565337442052 -0.00566172541995926 0.000121208932337509
0.0170425327903549 0.0631289455947262 0.0270747001428818 0.0139378458898444
0.0234616869692534 0.0852397138094207 0.0242015185867035 0.00486985094082577
-0.00102645044382941 0.022359808606733 -0.0224898440907238 0.0414449439165884
0.0430040867382555 0.0239452499015345 0.014630106244696 -0.0295261411105585
0.0315425349756282 0.0857760660647989 0.0198451701313338 0.014586283816321
0.0412135638344356 0.00637473602128817 0.018675127835106 -0.0320655622462339
0.0173309204412591 -0.0706863737736634 -0.0946411599938919 0.0485107485474566
0.0152693836842533 -0.0532307858693083 -0.0595322655449377 -0.0390770888561294
0.0315123759564505 0.0672170856318682 0.000175745610220177 -0.0326209003644368
0.0156619123235348 0.0833031293020993 0.0224914722903476 0.0275047267781657
-0.11899021415473 -0.0220004156131876 0.0309654169470691 0.00820130533806207
0.0520685035296008 0.00549644287871089 0.0560900218719263 -0.0610838192564035
-0.0779291478134459 0.00235672495472707 0.0610106161535538 0.0265429260514141
0.0143949253663374 0.0810687200761408 -0.0129732562315908 0.0316820134867751
0.0447400492841577 0.0624844233779625 0.0446844562254468 0.0143610861724469
0.0213912048284988 -0.0500160680898153 0.00273283577674332 -0.00233660995872191
0.0292525018877576 -0.050252762613674 0.0318311936000647 0.0133758222953071
-0.0854909558046046 -0.00168284780320811 0.043209156066726 0.0252356945940421
0.0317450937116734 0.0815256693086801 0.026336555902637 0.0284982440834171
-0.0961648088171804 -0.0217877500839894 0.030325715228098 0.0450679143368581
-0.09359015309481 -0.0153501305711083 0.0683858968789278 0.0236794362581257
0.0289267621425747 -0.00461292763485803 -0.00217784326351962 -0.0183543252662782
0.0497139283034687 -0.158852206218936 0.099637826923772 -0.135150308192544
0.0298816322824611 0.0150742227668671 0.00838042254194758 -0.0141179712037411
-0.000751852247640108 -0.0545097367763411 -0.0782915536816685 0.0228390872848443
0.0191557753373959 -0.0495721102663317 -0.0724570397398434 -0.0221946165952754
0.0374365422593401 -0.0277428505406819 0.0364013811950472 -0.026684053714555
0.0432553364802801 -0.100471782642333 -0.000643788472446547 -0.0476073155966495
-0.00311954006106498 -0.0103786552329986 -0.0840181601024333 0.0322909919916233
0.0121503191081738 -0.0326188466040541 -0.0906957201099643 0.0551742718475576
0.0407583346045087 -0.0810679756303105 -0.00419509480273714 -0.0326261446490431
0.0192765693402827 0.0279758571908307 -0.014936968199104 0.0674559732010082
0.0213929330156595 0.0521702510114309 -0.0100645794552281 0.0314538416589677
0.0275254541600851 -0.0198539351702737 -0.0773022633684935 0.01952817162256
-0.114318463963846 -0.0519072177620254 0.00388217961129796 -0.0121861263514748
0.0554456149111541 -0.0609839378328986 0.00298007812656462 -0.0487911284112121
-0.11310089741471 -0.0504480992529798 0.0169923432753865 0.0503686811751564
0.0464516149542928 0.0153570951472781 0.0479747134228984 0.0021986073482606
0.016566984890895 -0.101056324622747 -0.0376552425237906 0.00410215124283251
0.0580236069439193 0.0199309443817387 0.0299044002727278 -0.0592057293482154
0.00336695605818071 -0.055754840883768 -0.0577211650445928 0.0242284872378217
0.0379241464214383 -0.069588794324941 0.088041753438259 -0.0127572385797684
0.0591114465263495 0.00630220925604466 0.070536139283497 -0.0695271439218265
0.0154215112650946 5.82488594499196e-05 -0.0343095375988639 0.0980999727369755
0.0518843844681946 -0.0894571575363906 0.034943873671615 -0.0243837183123367
0.0453212572180647 -0.0524626645210312 0.0624691186990366 -0.043229204565715
0.044995688264469 0.0659668461208164 0.0210560871321363 -0.00850203615617723
0.0391538483673682 -0.0572538018280971 -0.01593910193688 -0.0412207925598942
-0.0131157597714558 0.0422867456399298 -0.0197414395426419 -0.0635664703809809
0.0231429820392958 -0.0830933198365527 -0.113209331974701 0.0446862633960655
-0.0291821811282582 -0.054546634469085 -0.0313406323771255 0.0816733564938712
0.0368953826807642 0.00234067730913079 0.0443164988157974 -0.013225859624692
0.0237587684096022 0.00138650778420719 0.0422003501609792 0.0053983279135842
-0.0492323125188249 0.00474038812373715 -0.0580892607706729 -0.0205532884022033
0.0158606541332594 0.048962119535039 0.00467975898319798 0.0229304701381348
0.0524243244627688 -0.0640537227852293 0.0885247902095874 -0.0165560718349935
-0.0211280292413692 -0.00685461298921511 -0.0962871183559056 -0.0106097541302259
0.0278460069410283 0.0295786586567202 0.00265641199131596 0.0401994870213532
0.0575667005190131 0.0138478674826419 0.0261321892648635 -0.0218672735149256
0.0179052889211034 -0.0259635672282086 -0.0276534308406434 0.0143042903046178
0.0403322528894283 0.0490545268216116 0.0185576689234899 -0.00991879467092408
0.0407069041087213 -0.00328074181678099 0.010154502692918 0.021461411525154
-0.013551852151842 0.00530266259443213 -0.0940118993870353 0.0512266565443125
0.0287514881150201 -0.0623178163513089 -0.103080235465292 0.0504056292779376
0.0422690513704856 -0.0836361921892742 -0.0428887270166239 -0.0630805962119915
0.0312457080827663 -0.0418146959178484 -0.0394164620125188 -0.00959533683357844
-0.0226428404116617 0.0298064998728881 -0.10836273011469 0.00933277518645526
0.0200293938273337 -0.061697514756266 -0.0501179357786898 -0.0601123493753171
0.0244195844041021 0.0487062470561427 0.0298333775764594 0.0459103180414282
-0.0276508240093317 0.0134634815354312 -0.116013456511462 -0.0739592141024372
0.0273972416038886 -0.0620604007154721 -0.015578471990301 0.0285350113221966
0.0305783858042443 0.00565982710020845 -0.0233409535421155 -0.0176449664549497
0.0188733121586081 -0.0315371390842329 -0.0197866222186393 0.0409262617112448
-0.104558017620923 -0.0424478470241284 0.101524671996636 0.0997458101465784
0.0120106110313335 -0.0461154663681964 -0.0935081458830829 -0.0176915200514921
0.0146506210715367 -0.109447426945461 -0.0681026928328198 0.0383722371153747
-0.0755196640746203 -0.00460591335899219 0.000330331513982918 -0.0157776302430615
-0.00682433892867589 -0.0146223373883803 -0.0769519245831403 -0.00941059647870899
-0.0940828458295403 -0.0385282294708324 0.0734434073107784 0.0763607903832653
0.00385485294128847 -0.000671064130823034 -0.0388690428614629 0.0424680773611115
-0.113842738970472 -0.0238575252652556 0.0502181327916608 0.00279297521534354
0.040350591183267 -0.0458344583423347 0.0161810224669851 -0.017314970552603
0.0451769240024699 0.0144927270239581 0.0234341085397539 -0.0182880900864268
-0.102352447470794 -0.0208766647000846 0.090059166738651 0.0394819210021703
0.0472442904053351 0.0187493770466989 0.0328744256100781 0.00212829038174952
-0.078867858922965 -0.0140031355439692 0.0782120266236217 0.0451317964097205
0.0437068298065494 0.0561569268430924 0.0688619374043699 0.0304050333535519
0.0200393754731508 -0.0295265733469678 -0.0409958155712757 0.0676719484342284
0.00359999398762864 -0.0320683548012785 -0.0810707426224856 0.10060144296228
0.0373819774684383 -0.0343781522422702 -0.0214590654390653 0.0346125516090489
-0.0798400215179479 0.00319517289664245 0.0711496455620222 0.0224736084587627
0.00273836429125932 -0.0611075083121199 0.0295508359420792 0.0252083631510549
0.0363707733011191 -0.101726654066525 -0.0211405542114424 0.0070535116938074
-0.0906013203130673 -0.0234377211484669 0.0491415279252304 0.0456494656146968
0.0111432975878762 0.0212231752105038 0.00615158664324548 0.0108762232740117
0.032101466070952 0.0395811728477754 0.0206976557200536 0.0602806123548761
0.0530864027881092 0.0239674852203314 0.0111835651797414 0.0154890795376649
0.0331950735113898 0.0409442939841428 0.00625943288996416 -0.0304265816765089
0.0434669674633481 -0.0378468726366995 0.0752225699031322 -0.0352013246474366
-0.0951193737282915 -0.0175913101290686 0.0172544391484968 0.00375840352163571
0.0127287771529087 0.028064822577342 -0.0370970376653056 -0.019151404021473
0.0198712973018696 -0.00941473015965202 -0.0611938764700968 0.0274304644939896
0.000557962609542247 -0.0157402955552066 -0.0683602753822584 -0.0081843605040315
0.0108075484576456 0.0202591469521605 -0.0257332633041703 0.102345407632918
0.0113250168287459 -0.0538373738010231 -0.0816645946154888 -0.00464514694726453
-0.0509519528251268 -0.00205604594646017 -0.0649910012436241 0.0336010521098606
0.0512232690679414 -0.169581142304149 0.0806489805170454 -0.0293552483910485
-0.0916664285545671 -0.00900140151665844 -0.0204506830310455 -0.111222222522747
0.0398690025639043 -0.0337900541696512 0.0493353991592497 0.00342839578984263
0.0409261870820548 0.0808337243618324 0.00106082486796786 0.0171283578555041
0.0206015856014292 0.0605615317687041 0.0173629082624638 -0.012713022568122
-0.00198702792149888 0.0445227451916416 -0.0208181497530753 -0.154772753595271
0.00298207679905976 -0.00214117317900322 -0.0537763972148993 0.00611388717610627
-0.00900619974981375 0.0475348087379502 -0.0960828155542348 0.0165257535991508
0.0332421974027017 0.0799238624877134 0.00612286369828811 -0.00341168786683328
0.0392254144073262 -0.014913205230259 0.0288710951325823 -0.018940677437964
0.0599793957430547 -0.0785105355793799 0.0800619960785212 -0.0608242812334761
0.0248105391821953 0.0645236760480557 0.0140462008052595 -0.0241260626073542
-0.0878173706347675 -0.0230102250877974 0.0543501510259 0.0211164554729096
0.0182223459765083 -0.0269908843726347 -0.0608182618122834 0.0681516575692571
-0.120728252653823 -0.0243130933351047 0.0391634066831258 0.034243850189811
0.0376799388824168 0.017099821346526 0.0648485663428242 0.0196939249146791
-0.058840732615124 0.0297176670709334 -0.0521758601690597 -0.152856981473099
-0.0987757437160742 0.0113514014838125 0.0198369377689481 -0.0708522809090151
0.0174421869566659 0.0922608272282765 0.0316061122444887 -0.0155864316069549
0.0475621503175906 -0.0103336548025923 0.0616146364634637 -0.0623669576249325
0.0318438804864612 0.0064182378479197 -0.00236608804544667 0.033409880693199
-0.0362404824693301 0.0352762321375449 -0.089612071712759 -0.0116526656123843
0.0260625194386671 0.0166848579860591 -0.00743648152234914 0.0155134388712341
-0.0948454129555322 -0.0113054135486699 0.0901985599812487 0.0774378171670415
0.0318820093640909 0.00753048454320472 0.00876274723208836 0.0281528236094512
0.0587303564855499 -0.0370856540794767 0.0835871918372215 -0.0459642614225291
-0.00430545520242906 0.0143946155114946 -0.021280470826454 0.0460470506260673
-0.109011640310119 -0.0435238025270182 0.126600805352794 0.0888636292127581
0.0166107414480259 -0.0648491677623674 -0.0969532559172006 -0.011726394994467
0.0537978375446947 -0.00818882112519202 0.063600832830143 -0.0730274970773066
-0.096392887462246 0.0188460292993668 -0.00170117004379737 -0.0712131342850363
-0.00382992400161081 -0.0478956460823931 -0.0809568532713308 -0.0472086504676651
0.0274077281108877 -0.0692424719049472 0.00240666571963819 -0.127252350208099
-0.0124161885236788 0.00922653969582935 -0.0801114116209706 0.0494145172333594
0.0090040831155321 -0.0880474546963334 -0.0538734298457912 0.0230757250303863
0.0447135381269149 -0.0304339482602206 0.0329088587088096 0.00283499886914251
0.00538645099768916 -0.131520587039716 -0.052803294865861 0.0395227227040906
0.0298697245967637 -0.0381996934197753 -0.00527113692925439 0.0402812630527515
-0.087537936373191 0.00686673877011763 -0.00946039466966235 -0.102014381285922
-0.0947002595744325 -0.0171747253035478 0.0701149450430011 0.0706452082370713
-0.108723477014657 0.0049615240843398 -0.0185320377212064 -0.0876513280328099
-0.078941624671436 0.0206358532236052 -0.0429557369890953 -0.124221154739068
0.0173404711342383 0.0366212482486457 -0.0041298685025326 -0.0440207070103115
0.0212551294694 0.0781445631107027 0.0422918471068978 0.0274273153667074
0.0232552418097153 0.0130755154556078 -0.0252928071824997 -0.0133272289367244
-0.0993970813127159 0.00572616014240008 -0.00817312549131598 -0.0823597655624977
0.0317825124889114 0.0472981962356457 -0.00657382931964618 0.0524594480989789
-0.00240176654844204 0.0280670324374469 -0.0751681669677078 0.0145299175012638
0.0194747274670934 0.011607340543361 0.0169479481094939 0.000326689658767747
0.0560006031207723 0.00540621398058572 0.00860642314731794 0.0130200056719812
-0.0128933168529653 0.0197892325687331 -0.059894776687934 -0.0938595360132267
-0.0007462718974796 0.0330440541382461 -0.0501548369750348 -0.0315467995035104
-0.102932769079807 -0.00531757435418865 0.0547366471938467 0.0173491950397466
-0.0719089636153749 0.0144978179897854 -0.00217736585718244 -0.0970931078104731
-0.114879513849742 -0.00765340106980247 0.0919915245747882 0.0514909579959701
0.034976724561311 -0.0498380755806927 -0.0259336098226185 0.0524251076130568
0.0178509165428932 -0.0394159452745906 -0.0727182335946761 0.0108185365950351
0.0398505549550133 -0.0147698919041364 0.0312518729368061 0.0571144356259835
0.0249761072079747 -0.00878628109142655 -0.0557554220537975 0.0699561570457815
-0.105632192462533 -0.000433430289536341 -0.00375810591841786 -0.119717894296552
-0.0106465426386157 0.00651058233125306 -0.0475220879844578 0.0185630244330997
0.0337335254864265 -0.0194850933703211 0.0195864954195497 0.00669835849956367
-0.120233141887088 -0.0142370028208235 0.0782103890619473 0.0294204583493417
0.0375874378602932 -0.054163022740245 -0.0134460081761094 -0.00893577884666292
-0.00354392232847095 0.0324699148184986 -0.0450692821789321 0.0397159769961983
0.0427419681202486 -0.0678871203647939 0.059418386954777 -0.0160368397314691
0.0483197491151303 -0.0352057592541193 0.0786797198818625 -0.0626050390243777
0.0371240770756599 0.059423459905416 0.0529205351248541 0.0311991098390885
0.0371059812836143 0.0173919306727845 -0.0115830472454492 0.0574551718331472
0.0407362662600851 0.0470408565344041 0.0239968222856641 -0.00996180243795646
0.0122811757880268 0.0768426569092342 0.0601276926330233 0.0243625248459014
-0.0762087607160937 0.0382869762050226 -0.047612542429269 -0.14187195450595
-0.0821240755066732 0.00219613812111287 0.0564464376517593 0.0356712347068443
0.0191632826405396 0.0114869552872116 0.0191762551228874 -0.00902231869366998
-0.0605528296712698 0.0483475564479188 0.0312152640724012 0.00336556143297635
0.026013179975918 0.0535859879911277 0.0457966688168433 0.00346621537060199
0.0293440880807256 0.00230773728795842 -0.0140305981973655 -0.0168427986377521
-0.0861564855465095 -0.000771987918969074 0.0390317988484793 0.00995368847388727
0.0145861066341681 0.01063305373458 -0.0491963287195391 0.0281918017817934
0.0168177062484713 0.03665132029815 8.73030862348726e-05 0.0146118697955634
0.0158646905588746 0.0889389493335638 -0.0137972558428878 0.033389699015967
-0.0890496422484863 0.00698488415018047 -0.0272764171693517 -0.0495829472952249
0.0214676549796056 -0.0101938718504771 -0.0220116745738332 -0.00785678414123257
0.0150777416652166 0.035419304021764 0.00301836082192946 0.00973763628149761
-0.0185514471341576 0.0377754817764868 -0.0713461777545185 0.012790721288146
-0.0986882592001773 0.0038961838952248 0.0340009247111959 -0.0714722498690796
0.0231550275128295 0.0520977496137006 -0.00981564495392107 0.05254418619809
0.0249017704405575 0.0317656978841861 0.00595188702671341 -0.0130794179414099
-0.007672822255844 0.0499983440306966 -0.0662318529509194 -0.0427454497509088
0.0182986210388841 0.051020238112548 0.0168567933849626 -0.00560843289509945
0.0224237003289643 0.0816930136295554 0.0333368957195223 0.039527046517453
0.0252457713048026 0.0853854581898685 0.0347694181030483 0.00541004226867439
0.016134964047053 0.0191872764610226 -0.00484849301201719 0.0408975126531001
0.0162481690740079 0.0918070249559734 0.00210351805670236 -0.020024514729662
-0.00208473195463334 0.045652799415524 -0.0551195330309611 0.0599391873246021
0.0373828458234458 0.034405054430148 0.0103262366806997 -0.00605495582908153
0.019356455314304 0.0488138072937417 -0.0263426643777188 0.01910852345814
0.0363920835045678 0.011973930074108 -0.00359933642176845 0.00826327653557222
-0.0715377417412185 0.00595654063822565 -0.0181343616025896 -0.0674977043375411
0.0108155825098392 -0.0330059433611283 -0.0644359121034425 -0.0132499333598153
0.00178876349429384 0.00860545402783342 -0.0810717129216783 -0.0502881289952014
0.0176437868856819 0.0424864122198066 -0.0169943161702878 0.0543650678557963
0.0186315566051723 0.025885630809662 -0.0344301615342571 -0.013429046274798
0.0229100344698516 -0.0252473032715847 -0.0212605329601211 0.0011753224829922
0.0369498745589773 -0.0485261130850282 -0.013080197825713 -0.0368002324045717
0.0166839313148216 0.0200816357463452 -0.0242142920891176 0.00372670526754077
0.046327498747955 0.0214001035732631 0.0072597977230436 -0.0278596509010586
0.00998243508961372 0.0519865174094857 0.00285044475752328 0.0240437501624216
0.0250039525167472 0.00296696402032081 -0.0341700113629758 -0.0131851416665275
-0.0681338423248608 0.0152865121777019 -0.0364141330455507 -0.0977309103436327
0.0106715848718326 0.0726739057035087 0.0131393457598931 -0.00837175189843447
0.0147204568911034 0.0411410746850473 -0.0103325096921272 0.00285004823760218
0.0295754542558682 0.0884196785328235 0.036441890725781 -0.021933876391018
-0.0792514212448218 -0.0178040523213884 -0.0027874187387402 0.028757645035681
0.0336911763361864 0.0423281079739404 0.0418863441023633 0.00975009594559133
0.0221836993212443 -0.0504212591888684 0.0203532698643398 0.00289266411627115
-0.0795682034581617 0.0100617845996034 0.0261136744400173 -0.00749281244124768
0.0521009823511624 0.00192040220192635 0.0874242563706506 -0.0685980315665627
0.0175929691082482 0.07701449121638 0.0364149360717834 0.0239965371299721
0.022079120042794 0.0825413220973439 0.0473710783726535 0.0175452598410661
-0.0577485844946093 -0.00845945052183209 -0.0688884293723525 0.025138829556013
0.0372717647947328 -0.00595986744185562 0.0900512296228221 0.00820872375328843
-0.00117841545439031 -0.00243722406790983 -0.0588930827132075 0.0101965698732967
-0.00218042991384037 0.0678269113304203 -0.0403891367757549 -0.10110701272932
0.037098782602466 0.0140523387019295 0.0369695565201841 -0.0106919939084678
0.0266402846659391 -0.0296558302501223 -0.0410068492444997 0.0501661656319859
0.0186998996495677 -0.0204283872888849 -0.0284687984356141 0.0301721928697183
0.0298201972126981 0.037662832073017 0.013844516773501 0.00396424899898133
0.0252924982378934 0.0323015400289153 0.0265625956962556 0.027920087899234
0.0644457432106426 -0.125688478196982 0.130266154226082 0.0306486959408213
0.0551004587322244 0.053376664720721 0.0586099121177402 0.0160757457974801
0.0188563587990216 0.0945976436410846 0.0128739528679541 0.050676035588101
0.0158441831283108 -0.0125978393416781 -0.0266711840797742 0.0350922048011299
0.055751097414745 -0.149885926248652 0.121680960262963 -0.0930199488231678
0.0368997080410237 -0.0544618375766812 0.00688165800519015 -0.00866277804640287
0.0235707380402221 -0.00433386687942064 -0.0134293691149583 0.0856156914790853
-0.0530412668735123 0.0142204229377282 -0.0120791869144421 -0.0795948466529659
0.0381485074730889 0.0612519063488554 0.0540583741991289 0.0181273689035872
0.0190740815264169 0.0514750700471947 -0.000968330822116252 -0.0375404847002013
0.0123768968921799 0.0699764817537995 -0.00242473685868423 0.0459230953357905
-0.0780396722393596 0.0249180396844857 0.0301526072719201 -0.00957513241504686
0.0218031964624161 0.00709977005904761 -0.0564252089463911 -0.0746127157802403
0.0116869039314983 0.0114035843484916 -0.0119873368696609 0.0494764644745707
0.02912992020656 -0.113575021092925 -0.0108935795841307 -0.0149212513382852
0.0294147402280934 0.0691597698686491 0.0086828669589775 0.00215610009869493
0.0462742661974505 -0.00856549695451627 0.0918703349870174 -0.0918015191844578
0.0125966671476779 0.0110058899425298 0.0161957585839793 0.0813101319355303
-0.0933473231882207 0.000545237136858472 0.053604331962354 -0.0198111116599492
-0.00115667587467181 -0.0341455150979381 -0.0410950965795184 0.0382798300930985
0.0522023529285401 0.0261420182373431 0.0597381770626375 -0.0240236252964291
-0.101907059852707 -0.0145263963556975 0.0223295344551824 -0.00452919329806058
0.0168462106942539 -0.00618988861298071 -0.0553970440178888 0.0178944335412409
-0.101940599173903 -0.014910234925584 0.0115139336984559 -0.0434667425532139
0.0141267494316887 0.0280807176661993 0.00762084293582652 -0.00303442066804799
0.0321835937726968 -0.0488013566916867 0.0706316724397908 0.0354403542327017
0.0427543121794443 0.0451525307566152 0.0130420605126384 0.0179746195428628
0.032447688396804 0.0740799202977381 0.0303636858712502 -0.0264691052881302
0.00927921998072461 0.00914331769438584 -0.0332178290664877 0.110176961367124
0.0167039223648587 0.00488106630681306 -0.027729965674685 -0.00647054253268969
-0.0813553640604278 0.03240352728218 -0.0163032797539936 -0.117468354896028
-0.0990845407546018 0.0133620733548573 -0.00490812753928392 -0.110286895883955
-0.0515522240638231 0.00236810092464189 -0.0620814095123214 0.0363214779893871
0.0475787038662646 -0.161648032138999 0.0135525811491436 -0.0424926917428303
0.03558198065411 0.0329265431088045 0.000450969753393447 -0.024419578367774
0.00793956826843463 0.00260246422324377 -0.0432797765531534 -0.0100182097742422
-0.0495519942392896 -0.00709321055344111 -0.0826216100547267 0.0285847944703062
-0.00895733165231144 0.0160797825806441 -0.0755431953733866 0.0532175002851715
0.0199994048426945 -0.00622118408709967 -0.0234783026598286 0.0231305094367172
0.0129886819681045 -0.126771244850997 -0.0962391384765487 -0.0216754805373872
-0.0762720092703126 0.0236594794258337 -0.0322488544624289 -0.156785905028238
0.0061966671345089 -0.056343093540087 -0.0608334833316122 0.00390086854262151
0.0431808120436777 -0.0982731286601807 0.0482371263053445 -0.0176604392536655
0.0341852782828605 0.0167072255277099 -0.00284512975756276 3.3818409347052e-05
-0.0110475252631336 -0.0122986518285198 -0.0748528557055093 0.115679627393518
-0.00129343447627178 -0.0202045539510298 -0.02448120381784 0.0448197968949219
-0.0530223085144568 0.01449436349004 -0.0268027377147303 0.0165704945051161
0.0130151495830055 0.00147011308909274 -0.0491793204756273 0.00984672606433243
0.0585579168558823 -0.0283163820250149 0.0526501818186933 -0.0151619361488946
-0.09919610552609 -0.00681731335236124 0.0307020975885177 -0.064806035920339
-0.0267925833700485 0.0328822142609749 -0.0833191185189526 0.0595256402733364
-0.00459572068886706 -0.016979210669242 -0.0447453655334003 0.100096209519309
0.00349407837221029 0.00312971351600551 -0.0700470658099286 0.0258301386334903
-0.0285217082051254 -0.023638877201699 -0.0509944985090162 0.0635848000961285
-0.00768878189098117 -0.069034826440818 -0.0491146299179775 -0.0414446495400905
0.028677555987463 -0.000929174353455889 -0.0241531737930117 0.0153622053074354
0.0204849327773148 -0.0641138401793678 -0.0564023925504586 0.0729495033947954
0.00497208309214077 -0.0576859384665387 -0.0934014432408611 -0.0608897083348314
0.0298570824357499 -0.130537416520806 -0.00802434108143137 -0.0143059075200954
-0.00303969197092813 -0.130309461859213 0.0733743049399014 0.123057843903439
-0.0603266614997176 -0.00126930326622857 -0.0369980221719982 0.0733143525211663
0.0489197577456533 -0.0895450304165514 -0.01188671381528 -0.0582551023179505
-0.0743987299773898 0.00733133688915968 0.010706263054903 0.0144059292272655
-0.0901551634796518 -0.0225207384004071 0.0106359458926624 0.098698186273235
0.0221190471875944 0.0554692334970986 0.0237746715258158 0.0259792625227353
-0.10778723937274 -0.0177757813660149 0.0407385664392774 -0.00254461051366963
0.0235522615105781 0.0186940338863991 -0.0139468638877293 0.059313793426821
0.0380400784790704 -0.113803219090099 -0.0478274323083328 0.0213227529797892
0.0521044737675549 -0.0355322780658327 0.0558235160470282 -0.0472333426302949
0.0396427459230228 0.035798369459392 0.0134729321450428 0.0046110792851713
0.0142319248161315 -0.00426842296339715 -0.063656536510901 0.0223031709166885
0.0421669340311475 0.0217770546285808 0.0213788338149511 0.0263808291216952
-0.102573984818318 0.00686895990263795 0.0100147634692688 -0.0602783767154812
0.0502555265327604 -0.0093220439978886 -0.019677932420367 -0.0400834514800451
-0.0376169153606562 -0.0153930386980323 -0.0837725488941549 0.0369492681271475
0.0411303856936891 0.041879688544716 0.0296995886153982 -0.00372485039273071
0.0448170244108237 -0.0595581033375524 0.0584195620657316 -0.0738124899298897
0.0317649037452725 -0.0570635374500706 -0.0130093125977104 0.00129944323379845
0.0141883718841585 -0.0137826415471723 -0.0582916898935907 0.0597072081316228
0.0243736210846175 -0.0255297948000056 0.00537608398239343 0.00416044238500464
-0.0943049515983544 0.00615722526451888 0.0257574316487938 -0.0427964651654204
-0.0845966929024233 -0.0264429892425233 -0.0106876614597845 0.0498688782833785
0.00677576224829233 0.0421946385559157 -0.0450115434182917 -0.0378026070370118
-0.0959428787298107 0.0111816584609862 0.0219467937145426 -0.0578373147028806
-0.000144881715099932 0.0153149820023694 -0.0345967818200418 0.109640135188583
0.0288027928643876 0.0742665841387724 0.0149287115441143 0.00691314135467492
0.0349627265378592 0.0321336829225072 0.0456489685557814 0.0228988493666408
0.0477312674203158 -0.140227613811944 0.0254667880105245 -0.0614464766191305
0.0563407600991181 0.00781415247139101 0.10652137586508 -0.0743753961463455
-0.120095955238219 -0.0172101175621034 0.134691438558646 0.0601594939749494
-0.0768111966750988 0.0135254150696243 -0.0468420900817366 -0.0159866729332889
0.0217851435935279 -0.0863985660450522 -0.061226894336523 -0.0346632621133978
0.0331617359631576 0.0396522357152998 0.0223321808135871 -0.00993261737268312
0.020873187525338 0.0704249838410225 0.0289898305341446 0.00732094869119986
0.0181949506778426 0.0417491930541979 0.0138366183766425 0.0311098192007393
0.0444497849892443 -0.0192543211872115 0.0360705616938394 -0.0482497401223429
0.0580251770127783 0.0591857877776424 0.0786092301243605 -0.0100545846315789
0.0301193766469639 -0.00568590122703049 -0.0514282383352876 0.0304164581999321
0.0233063243852013 0.0479172420517084 0.0111561436539757 0.0100485588748634
0.0332355019685074 0.0347693907475657 0.0374083932424852 -0.00247755093434167
0.0191914967842748 0.0272285548614004 -0.0181035825764522 -0.0003649787445098
0.0455465052983986 0.0236017053253807 0.0491640061902276 0.0585818607710198
0.00976402078758347 0.0296495908902546 -0.0146515449632421 -0.00582295308993735
0.0381236276191428 -0.0541724917660124 0.0309775853159879 -0.0273231035203512
0.0402560712505755 0.0451429470443237 0.023127007579149 0.00207592059445459
0.0499060730456323 -0.108259739967767 0.0896371123942972 0.00264387641506215
0.0340623412302738 -0.136556968209621 0.0692561197229764 -0.00652343968324209
0.0537396374675351 -0.082498846217458 0.0873066358736141 -0.0182220050069973
-0.0953612778501988 -0.00579012051003273 0.0279147482462693 -0.00950203007288771
-0.053125586578335 0.0192942428940878 -0.0579514552802163 0.0090888081200885
-0.000883161193220523 0.0613651507618695 -0.0282999937878762 -0.00677490819504271
0.0488965129621267 0.0627962511110665 0.0701990729820836 -0.00146961886965149
-0.00231404044759036 0.0373201248939736 -0.054383186771075 -0.072185198654466
-0.0798697593878375 0.0199151021350077 -0.0245665732425123 -0.134783210475767
0.0331523036033709 0.0745244691953564 0.020324980256921 0.0352634559459334
0.0313743851211087 0.0708688505190257 0.0401607943240094 0.0247211475056125
