0.0192279025332512 0.0223271900607689 0.0703216782798464 -0.028708818921255
-0.000826201413457919 0.0143711505078077 0.0171772485214742 -0.0289849214639883
0.105779093828661 -0.0545922532754309 -0.0173723653274167 0.105682974630413
0.108248571385089 -0.0574967818205964 -0.0137367662366757 0.11404095629361
0.0178732086148363 -0.0237154099268359 0.0497943219668363 -0.028194585109848
0.0213786943231522 -0.0366603580121637 -0.00631344601427564 0.105768142297387
-0.118466167030342 0.0268058398858932 0.0117448109209002 0.0638491016257722
0.0728690552709531 -0.0498974248200633 -0.00634570411514448 0.113459427385861
0.0882877372239743 -0.0440695608793121 -0.00915387929583394 0.10619713990158
-0.00850659841411514 -0.0511389201670409 -0.0203895800447449 -0.034304910810964
0.0610053762657605 0.0641687226601721 0.0206530715649741 0.0215531567089248
0.0045156808473038 0.0527596776819091 -0.0350334357202607 -0.0215004229642025
-0.121577759237444 0.093006276145913 0.0100308389938427 0.0287938927088416
-0.0374865487168687 -0.021060755073165 0.00360146395967132 0.102587606199632
0.0197109443532857 -0.00670861310327567 0.0757170140172713 -0.0318334269055269
-0.00391293876370619 -0.096233185125078 -0.00782419581382025 -0.0370573742441478
0.0349894693074371 -0.0631053731287176 0.0583846454250303 -0.0369708431733006
-0.0415074111271768 -0.0352452355966775 -0.0683802461965574 -0.0370789540422641
-0.0238512964871644 -0.0553346846748427 -0.0226764512161948 -0.0337895694699256
0.027429761883787 -0.0348412368090672 0.103697685801173 -0.0343620475241113
0.0290080149651887 0.0159156657652551 -0.0437465741475498 0.00898024887032937
0.0504458507389515 0.00196355765253771 -0.0426859271110067 0.0368064029992687
0.00382829149598209 0.000491633937271342 0.0710679242708903 -0.0275676584067974
-0.0198016446239962 -0.0368126367776527 -0.000259602135800718 0.111176221881442
0.0688291597945962 0.0492201767755285 -0.0424227095786408 0.0259232623975547
0.0281984894217826 -0.0296389871107928 -0.000532110914283874 0.101768529960446
0.0294879241800354 -0.0472582401968783 0.0655987706012593 -0.0352775481419475
-0.0301736311817131 -0.0450342396925999 -0.0872783717795658 -0.0366989617003951
0.0197398171214175 -0.0129692184916108 0.0723110215943505 -0.0317963367253702
0.00100533051740413 0.078601057571681 -0.0331799109429673 0.0214467227672308
-0.0257373251382898 -0.070579515901594 -0.00913521314606814 -0.0375677937978816
0.0142407142241543 0.0109527214669136 0.103235849305189 -0.0255659831383211
-0.021187982247148 -0.025231633614173 0.0278409642822283 -0.0346108797457159
0.00876818582236587 0.0115663477692191 0.0238834293751956 -0.0307949985032309
0.0104911846761119 0.0159580922512597 0.102342964769838 -0.0298818680348706
0.00950178115419936 0.004337300976062 0.0726735594453979 -0.0307928415554983
0.0332833087958704 0.0829404256412089 -0.0328536443503988 -0.00970652651227401
-0.287860452490711 0.0366500720516832 0.0324691437855482 0.0777014979447909
0.0038351994834909 -0.00863515020224335 0.0547965152979629 -0.0303909066692646
0.0245781311401846 0.0751673287636564 -0.0451472753538157 -0.0266663910895535
0.0190065875205041 0.0858579752463623 -0.0614075905996107 -0.0222285237488417
-0.104282038760707 -0.00778301252052948 0.012482723380401 0.101066395156016
0.0462888625839936 -0.0218267492975671 -0.00745147149816529 0.104405728104921
-0.0380929046716943 0.117535805981812 -0.0125927965273268 0.01098738254443
0.0598734112179064 -0.0207671745646983 -0.0103558103466118 0.103117548940434
-0.00132582936714368 0.00599288083131977 0.0105310464525947 -0.0271992296730267
-0.00356397114787244 0.0301887812500349 0.0736432153082659 -0.0296471370699309
0.0291730171893612 -0.0385258952543094 0.0771988378458554 -0.0350896101494387
0.00351399585257677 0.0207032247219697 0.0737419564709786 -0.0309976021859854
0.0180955096164761 0.0410808552169347 0.0597218055790723 -0.0232153610404242
-0.00162960458812896 -0.0409699376570668 0.0227001902714837 -0.0362791062223892
0.0168059288500795 -0.0116956923714275 0.0820734963642264 -0.0330286765725199
-0.0190802205220162 -0.0580497973928107 -0.0107471891025013 -0.0373129711368789
0.0211218310784623 0.0504727440393848 -0.0634409338745107 -0.0199325065892889
0.0129099567792781 0.056020691126062 -0.0405076549602804 -0.0238624598350444
-0.00147564353714341 0.00559218082885471 0.0802294781539181 -0.0305153516250099
0.0148878524136737 0.0109244076552574 0.10287873200245 -0.0325318224091138
0.0210432192451835 -0.0419681679097642 -0.00310873895437115 0.107105742550075
-0.0158151752303011 -0.0915258109257241 -0.0338704281346505 -0.0404539160202691
0.0246472283313706 -0.0268005721025215 0.0183330627796145 0.0711355873901997
0.00929952597526375 0.0205079158597293 0.0814378178119246 -0.0271834581678908
0.0104424058991804 -0.104641692073513 0.0303414597832854 -0.0412026855062769
0.00269781908976913 -0.0197844853470239 -0.0678454360520344 -0.026653620613306
-0.00707953214502856 -0.00434713265525562 0.0464841602563508 -0.0295503113178057
0.043341915503938 -0.0200393374733393 0.0120474802531691 0.0871244793076699
0.00627704264248255 -0.0251755369983948 0.0843301757880529 -0.0292588113859186
0.069789134742895 -0.0289197006758711 -0.000519918730979957 0.0969242727235769
0.0285889509399528 -0.0301049140068369 0.0323809641105039 0.0660842331398865
0.00367536534860097 0.000558653044842417 -0.0178096746760376 -0.0288624850937355
-0.0609389632893746 -0.0862829238567522 -0.0973433637895098 -0.0391778952013753
0.000194151755336777 -0.0448356612086928 0.0202156034051394 -0.0303365537267693
0.0252412942447286 0.0553625333714707 -0.0603030403206544 -0.0199841740149962
0.00837152641075603 0.0559146723332846 -0.0877584816625446 -0.0273153091496639
-0.0144431510254 -0.0731853598383289 -0.0541054135914742 -0.0380234359876603
-0.00939871829232035 -0.0579238886040738 -0.0771695519001465 -0.0250896963487454
0.0353345697512337 0.0825809794086883 -0.0414256313399933 -0.0117061836533967
0.0228245544965604 0.069254531574883 -0.0670452646945064 -0.0191779132326113
-0.0162152440490459 -0.0198148260777904 -0.0776561427781991 -0.0313948052199317
-0.00114737421046942 0.0234952407714362 0.0187754438418545 -0.0217798035095402
0.0180161793512491 0.00553686100985405 0.0141959941306442 -0.0303112605767971
0.0183875402876888 0.0639984918884001 -0.0656589054216222 -0.0235716676506035
0.0377462435340905 -0.0458172405710645 -0.00478934630642867 0.111860528252428
-0.0217949672199379 -0.0330730245084894 -0.0708071732108389 -0.0350886537987171
0.0551756502910287 -0.0426613246953891 -0.010907777300753 0.105893208447474
-0.00787165184483676 -0.0948533897957733 -0.00711356223809447 -0.0399864637914594
0.00743302011540065 0.01224119081615 -0.0862387943758643 -0.0183767748733133
-0.00590220753801057 -0.0992657921125286 -0.0260773325667451 -0.0385010618202171
0.0189179970626383 0.0414108665022676 -0.0794697933711522 -0.0217056497430301
-0.028656580804244 -0.0690940890380112 -0.0674102866009298 -0.0351513234417466
-0.0311481248093324 -0.135884938847304 -0.0286588505993346 -0.0414904083034844
0.0200224276920847 0.00820265298741022 -0.0375622372246121 -0.0265610104879366
-0.0219371311430696 -0.0460286050824361 -0.0813184577246897 -0.0337742650491979
-0.00549396600474603 -0.0698400546193559 -0.0309264016462239 -0.0379807962158913
0.0113879400857684 -0.0892231384602799 0.00929916058616389 -0.0389486225414934
-0.0010837088608705 -0.0159276894373257 -0.0598176095909605 -0.0336354294566986
-0.0751809087656739 0.0349845890381234 0.0611977376230153 -0.00101685816276266
0.0275582593982934 0.0831970338420614 -0.0838534721913123 -0.0222989889448587
0.0696757481518538 0.0575575947806024 -0.0498362744929901 0.0334213503206277
0.00813550809017055 -0.00973992205370471 0.0473815437392593 -0.0336083995049897
0.0106862100587412 -0.025558971723561 0.00285388759378401 -0.0338546490230187
0.011419382907975 0.0752755671019711 -0.00971781001515449 0.0478801050975172
0.0330289513554263 0.00156725033627146 0.0399849846049612 -0.0315197901129805
-0.0420527151607032 -0.0848005397327905 -0.0693124918263204 -0.0398584012748808
0.0468139072640387 0.087937868783733 -0.0479871503550231 0.0126265410485214
0.00631634946784135 -0.00230203542765068 0.0364589987314632 -0.0315590030472671
-0.00865193289212213 -0.100563383578797 -0.0238686768208563 -0.0400501548281043
0.019324380121702 0.0455943701999414 -0.0292898186958151 -0.0281883240541397
0.0274350130347614 -0.020168982915127 0.048278093145411 -0.0334556962092143
0.0153124699438562 -0.0594446968844033 -0.0150716983310946 -0.0366777645881857
0.0344593761701502 0.104732071167753 -0.0463728716169233 -0.00043595401070797
0.0194636001356152 0.0516760304859186 -0.0809004078938217 -0.0231333348226163
-0.0107018697588185 0.0143211803487468 -0.113667250031148 -0.0317972665897846
0.0133879921254463 0.0261141403342598 -0.0589851895715868 -0.0279412908601681
0.0285916643452309 0.104663574470255 -0.0356033412801028 -0.00227797284199038
-0.0120950722846304 0.00363823934126154 -0.102018082305637 -0.0265222461959404
0.00585836601938439 -0.000675007662539417 0.0307797541113026 -0.0313192380032802
-0.033556057461255 0.112523573172843 -0.0216546013953049 0.0132796399891557
0.0057654970100896 0.0053004086407489 -0.0644083786258504 -0.0325277433043299
-0.00239995538966978 0.00356496851152691 -0.013691462314056 -0.0301344205601339
0.0308518780661483 0.0280588804276919 -0.0147569678789857 -0.0208646589423222
0.131389466573884 -0.0547353559607664 -0.0212409687580413 0.10432987145746
0.00906607974584357 0.0444182284143856 -0.0857908151643226 -0.0253258229644602
-0.00339985358071781 0.0214896450483003 -0.105602607894629 -0.0264205756427401
0.0292273960250974 -0.0244020982047226 -0.00929638305584663 0.0992630039330294
0.0203630345315954 0.0540016246381651 -0.0437831039801148 -0.0072774466145668
0.10929393027996 -0.0594790122717755 -0.0155302438815548 0.10943502871168
0.0409302083698959 0.0480286298944072 -0.0240180312505466 -0.0219842883273954
0.063224847952846 -0.0382475472304376 -0.00863499191340202 0.0982830779303596
0.00572454313840937 -0.0170086401492751 -0.0244285262210717 -0.0316632838111651
-0.00495876813842141 -0.0624348934699769 -0.0136405480602325 -0.0375787205636701
0.0721572129807852 -0.0568676898973881 -0.00775764971814757 0.112277727134738
-0.00374055218126089 -0.085513432628548 -0.00490830316902997 -0.0387506065548429
0.0773267230983018 -0.0460568201716876 -0.0146611215113708 0.0983784609367488
0.000213501932039232 -0.0468841290378963 0.0617388556148205 -0.0355963845572008
0.0217499677450745 0.0258398219621837 -0.0587376610831822 -0.0217268080359912
0.0464565271201523 0.092433741578441 -0.0452134250469747 -0.00624693275720721
0.00524248406909824 -0.00117974098038226 -0.0542656630777809 -0.0308434007619682
0.0447203865735073 -0.033217251902143 0.00539949503053395 0.0893778637527143
0.0300700088146768 -0.00795126911671462 -0.0291826668967516 -0.0106447072403224
0.000837638562627754 -0.00179524723529527 -0.0738646363847419 -0.0296388079732506
0.0910449377968325 -0.0468226563483445 -0.0133801764345356 0.105885897617447
0.011400780283151 0.0215463934583009 0.0326249892367549 -0.031036445948231
0.0191897262512243 -0.0240800586637908 0.0397662769828909 -0.0308814983697411
-8.12461909329218e-05 -0.0827107799291152 0.0133493432286436 -0.0390470077345601
0.0116988215697051 -0.0235201205465542 0.0535085865547014 -0.035146172825284
-0.0316763733070191 -0.0612262396563181 -0.0327340311289613 -0.0361699046975107
0.0177956496804068 -0.0344230730571622 -0.00549757815258953 0.104464498346408
0.014160340113515 0.0374697007400591 0.0164456413231079 -0.0239646493220478
0.00615533878379688 0.0626595948705931 -0.0218393805529863 -0.0226560147598798
-0.00983551337425027 0.0616110551253694 -0.00721273143259527 -0.0178083909082093
0.0270956947512665 0.032702873233206 -0.0070010135292741 -0.0242105755395183
0.00365734801755564 0.0510845168289745 -0.0862112161395186 -0.0269786436700074
0.025445241420972 0.0678113405472199 -0.0256741411248657 0.0468807936393021
-0.0543358991385608 -0.0642096652060715 -0.129132781264419 -0.0379727947612832
-0.0413037391620534 -0.0213179084512247 0.000455760127724428 0.104210168199658
-0.0142752820868244 -0.0373793868443096 -0.0775777217536574 -0.0339667347630198
0.0125584413378475 -0.0141639103190671 0.0461000472189023 -0.0338930234333007
-0.00580552876319804 0.0138860777229815 0.0629037492676079 -0.0278179821431204
-0.204037644529499 0.0259144528611371 0.0238206511271416 0.0252786548037
0.00788892027103911 0.0572129823714675 -0.0395264496626787 -0.023621527391866
0.0282025499398005 0.115956408683733 -0.0140981256220284 -5.82518762284923e-05
-0.00171922352686852 0.0140244316775102 0.0904774299583913 -0.0308899830762356
-0.0209205431375893 -0.0217411022789941 -0.00148328036911484 -0.031695145572089
-0.0498167051513745 -0.0503262196832797 -0.0583933811924353 -0.0371444180935969
-0.0161828684400753 0.00616536596676107 0.0732500503156978 -0.0299260139656847
0.0439969586820784 -0.0256605967996246 -0.0037528726601041 0.0972218514490268
-0.0050935864893186 0.0502462850820137 -0.0296220645018643 -0.0224458668863257
0.0380203061607772 -0.0454814635984335 -0.00685284780842021 0.113491327921909
-0.0176430617241591 -0.0415689812568764 0.0159644117383298 -0.0322543887757863
-0.201669224464356 0.0211125641454157 0.0359730503905245 0.0556272287376786
-0.0947639742790486 -0.0208925089448636 0.00888013644863881 0.108810260547557
0.0354787218131974 -0.0304886729660182 0.114258278696263 -0.0320089739338106
-0.0234149108069895 -0.0998873271415877 -0.0436210559415662 -0.0388830448439474
0.01149175748823 0.00898023018360559 0.0199077553388919 -0.0301425374247202
0.00213825755948554 0.105769960297513 -0.00652158963599075 0.0415734229458251
-0.00784774812254928 0.0120598544909165 0.0348147826548634 -0.0317858961837031
0.108988363547818 -0.0423248683010683 -0.0113992227424688 0.10063529743143
-0.000845709889307864 0.000188491446889161 0.0059701922557458 -0.0317288363397053
-0.0464353872767917 -0.102980011287346 -0.0740254274471897 -0.0415735154343491
-0.00973785521516503 0.0468715531664872 0.00152513509348535 -0.0133900697788068
0.126637944771594 -0.059915539374577 -0.00825658268303862 0.111183557031223
-0.00983955065403646 0.0800247027079544 -0.0336998018033882 -0.0190698800063134
-0.0276187446117779 -0.11485948077983 -0.0415659954381319 -0.0405991587849742
-0.0906463690060034 0.0221320755898409 0.013163892952722 0.085681319168137
-0.0307819826770906 0.0811748844043508 -0.0419466281672778 -0.00780336930207282
-0.0336734664448473 -0.031127519411664 -0.0766888181517247 -0.0326468699344848
0.0137254048423189 0.114796232196333 -0.012300254389154 0.00396476531565742
0.00612034890969271 0.0490265163620424 -0.0608551864717787 -0.0148659688032663
-0.0272288987996172 -0.0177884924789316 -0.0298650624807175 -0.035153275471761
-0.0125949385733817 0.0233150304097273 -0.0616294579471783 -0.0224096277686646
0.00585462738812799 0.00363540277378999 -0.0586235617184889 -0.0254449161302391
-0.118284434261297 -0.00408857567324736 0.00926695674641745 0.0967207296892065
0.110384502081835 -0.0547397679417962 -0.0135764218392673 0.109682874229667
-0.0757918495793516 -0.025560808821837 0.00602054343302953 0.110962589260084
-0.222877881593501 0.0272938184419515 0.030106460891573 0.0802144576695627
-0.013695224456562 0.0161738282583013 0.0712081382176795 -0.0147479697526139
0.00920017499033533 -0.00379283993702603 0.100860393602112 -0.0311343760887677
0.0169111523463929 0.0229418787124298 0.0136941715412354 -0.0302169933035991
-0.082289017017035 -0.0252681280909902 0.00753063179378664 0.110124028778998
0.0253812082179339 -0.0520756276911906 0.0178187154031878 -0.0320329512517996
0.00804594799150983 0.0834854159417907 -0.00148553484466825 -0.00799777887329307
0.00766685635986944 -0.00176230537566865 0.072780546814666 -0.0221039403817366
0.00642435369894823 -0.0334211488112737 -0.021769389929545 -0.0355618413986627
-0.0679854198265972 0.0696917107031943 0.00653674388408529 -0.0051948499373294
-0.087852048586155 0.0400723769248483 0.0433650956348306 -0.00358409967637375
0.0511034391391348 -0.0411275101785415 -0.00357356221799113 0.107562409867132
-0.0599847376667137 -0.00800897235766748 0.0117214827321857 0.0711398066918208
0.0708282127903467 -0.0456532530121343 -0.00222598481513276 0.111262122082447
0.0206514104560758 0.0380934909181617 -0.0379809257632339 -0.0246926983189009
0.0270923381239975 0.0806904734466539 -0.0815673408468321 -0.0189972468466587
-0.00142304330701408 -0.0161798360670769 -0.0295243723743184 -0.0331273042143948
0.0241495128116887 0.0461679246595095 -0.0537269356333832 -0.0271669904849546
-0.103057061136042 -0.0121215321647995 0.00811705078873745 0.105300727470139
0.00565844354577543 0.0562914005797089 0.0141506423375659 -0.00915228422312206
0.00590143370568808 -0.00532347094890906 -0.00947265327498884 -0.0340250809007907
0.0253346447891109 -0.0543892499994392 -0.00399816284561646 0.117934821977328
0.0038692700705704 -0.00575745800963695 -0.0316700977973303 -0.0333049272854218
0.0537354279359897 0.021729111808603 0.0220397779563789 -0.000821380746084004
-0.0260940292637987 -0.0320248706838817 -0.0697247268776415 -0.0363530731005346
-0.0287755153251276 -0.0849623761867504 -0.0130425828110057 -0.0395050848098128
-0.0131168778024479 -0.025156412130127 0.045797376639335 -0.0245404838221229
0.00969156492694319 -0.00303880340297091 0.024648026036189 -0.0331397099141382
0.00571402268185066 -0.0399784624557159 0.028654951301898 -0.0350972229580703
0.0101945484317735 0.0104678358460862 0.101078798791785 -0.029323810663158
-0.263773506426307 0.0340867334435102 0.0300998804280392 0.074240421841914
0.0319284012263479 -0.0271656790098549 0.0103276971720701 0.0886741301672511
-0.0190816743712043 0.012842401459623 0.0578848463093415 -0.0231408512555371
-0.00115579188760069 -0.0129830131393414 0.017183988704741 0.0654022645115941
0.0200242949810706 -0.0647900166042719 0.0342924207356536 -0.0372279523732432
0.00756232951989008 0.0216076479456226 0.0271637219483417 -0.0281133305436205
0.0480175323585897 -0.0130289603242035 0.00360834869680559 0.0873193178576254
0.0200992639891593 0.0635209881982778 -0.000862820220760025 -0.0260553487353705
0.000347503672477367 0.0138264915885857 0.0666564127903955 -0.0160037233191508
0.0184646468354927 0.010044643633822 0.0863495955025007 -0.0277835709266138
-0.0265510815916962 -0.00921477457373106 0.00333717919313543 0.0985248991496431
0.0122843089342389 0.0428837343162442 -0.011407189262646 -0.0293418392112583
-0.0132599651218594 -0.000714466122069255 0.0643874762206746 -0.021993731298326
-0.0233579060815813 0.11132028842504 0.0119709425761386 0.024913556779883
-0.0872862872546071 -0.0331114967194139 0.00874663447487634 0.111592520008516
-0.00550769386615146 0.00296108761393829 0.0572132722037768 -0.0323372620293048
-0.000123630315199839 0.0216295370903954 0.0496382943668488 -0.0303798903003115
-0.0118318594945365 0.0775411523280126 0.0189726243210822 -0.0115811844464583
-0.00052016093436042 0.00355684602931796 0.0651119978957711 -0.0156968014693896
0.00701236741353715 0.00685399662220544 0.0759233467010959 -0.0306696205166818
0.00614638796832111 0.0141509347711262 0.104838202428622 -0.0263357299310978
0.0229817233393098 0.0437921680432186 0.0458875558968488 -0.0208564991860213
0.0159603320839905 -0.00277050945109449 0.0978280251177303 -0.0283132591039686
0.0379311498325893 0.0775518473516875 0.024099565007352 -0.0122240379074351
0.00253155934985358 -0.0259042274426325 0.0217519634520914 -0.0230314620814369
0.0217544558410575 0.0121992088749197 0.017525084281573 -0.029129948474496
-0.000869082861692386 -0.0195964788191711 0.00844311825398348 -0.0215443707981451
-0.0132772184978998 -0.00756928701769528 0.0195812698041036 0.0704375230134773
0.0058525679566666 0.0396170718962822 -0.0248558647554527 -0.0245778127801175
-0.00816565088819102 0.0493313342055145 0.0213340651425434 -0.0113125284162636
0.0109138866202535 0.0133094714812625 0.0295520136575048 -0.0306409929947038
-0.0115334529789534 0.0507569858097505 0.0364574027090901 -0.0191362212647258
0.0125832291550908 0.030995131011156 -0.0152480156784503 -0.0301907527139585
-0.00129424510476156 -0.0124141206507969 -0.0619161960140097 -0.0233303277659707
-0.00307510930516117 0.0240327459473718 0.048935504596139 -0.0256577698230276
-0.0127141389365528 -0.0356991526132625 -0.0181452214480021 -0.0372238727302686
0.0127696338866174 0.032336459970888 0.0780838134143596 -0.0195737657524754
-0.0100047419448971 0.0312623631034345 5.05151659317922e-05 -0.0298083942848036
-0.0146723195512207 0.00103829045940553 0.0296891211818005 0.0610833799188458
-0.0156637790648581 0.0156554111596053 0.0723024287341429 -0.0142597887806748
0.0132276338560902 0.0112484587891521 0.0282107570363264 -0.0304943942168481
0.0278060703057845 -0.0275560953545341 0.109173831147159 -0.034645016356122
0.0521698629944138 -0.030470853348833 -0.00820558523708815 0.103422185460408
0.00371970975998217 -0.0146380800622882 0.0486880474020224 -0.0331570375520401
0.00355606960232911 0.0079590300713434 -0.00901694803833225 -0.0321594085678957
0.00276726524649911 -0.0151856053547014 0.00694288930844237 0.0817092803972791
-0.0149472997376835 -0.119804545405637 -0.0038222458906256 -0.0398737583942135
0.0200007960057171 0.00247093703963802 0.111071191544426 -0.0296091135652079
0.0182026478308808 0.00842044706762997 0.108607552778464 -0.0302370815626864
0.0462907306010402 0.0456670473445962 -0.0248722611614349 0.0610474437505962
0.00705354553792448 -0.0272102922910569 0.0134926189833002 -0.0298862566449386
0.0143635716454332 0.0540266632390386 0.0114145069294656 -0.0236209455637373
-0.11504030115616 0.0536972672244149 0.0468373285358582 0.0121305452283158
-0.00743689056235711 -0.0277025929054071 0.0419566950601501 -0.0335853989268172
0.000703199792799946 0.0215526630082229 -0.0184271981407075 -0.030430462769275
0.0128437053566769 0.0106705277118808 -0.0112274460366115 -0.0172472483895412
0.00208995830363369 -6.41683313260877e-05 0.0547082639742176 -0.025038327048614
-0.0184735246027424 -0.0131116523566428 0.00314536618337295 -0.0322354724605111
-0.0311630998600411 -0.06659994703152 -0.0751473488840032 -0.030656081759951
0.00960733800697358 -0.043058719774334 0.0295621846106098 -0.0247970485657913
0.00816655213650805 0.0140644507842754 0.0832463706891204 -0.0306461803390146
0.0248344331668744 0.0267496306330623 -0.0292827426929204 -0.0317513923462429
-0.0644760839590325 -0.103060121461563 -0.108272608938644 -0.0421618923106005
-0.014122031862672 -0.0086199719626672 -0.00258615901486044 -0.0348030932814052
0.00182909073438746 0.00955257481611152 -0.00912077025238494 -0.028570199664675
-0.194333390624172 0.0274400309927245 0.0286869157147354 0.0692546183132491
0.012646384542896 -0.0166304622139311 0.0933343633972219 -0.0335287715368698
-0.00593704543580482 0.00444115058956385 0.0789621861918407 -0.029760448553658
0.0174454350999801 0.0314694758528618 0.0778013953763527 -0.0289764849449037
0.0255181722414918 -0.0222758928125893 -0.00343632745608456 0.0873534026789659
-0.0299751477097271 0.0493073265093161 0.00369975378120734 -0.0181695348948981
0.0282957051420629 0.0266797538732357 0.0281534620350716 -0.0224953525586232
-0.0179452815752788 0.00185477020074488 -0.0902642805616453 -0.0283725312398577
0.0230466330397469 0.00198219248859025 0.107719595640049 -0.0302848916916542
-0.00947692640272497 -0.0752895324338765 -0.000460307500545637 -0.0331119552500438
0.0273953760321928 0.0264002297907962 -0.0208454960658163 -0.0241166068644181
0.0141090084736513 -0.047303842865136 -0.000815989112243335 0.113764461853658
0.027422562428051 0.0568913586557036 -0.0141381186161202 -0.0189664080165127
-0.0315377945503625 -0.124360223774144 -0.0394543635370044 -0.0411037903185495
-0.0049594100877098 -0.0391151818985979 -0.00246757916963065 0.106730367530087
-0.00277840903919129 0.0440027868638672 -0.0211780893216312 -0.0232997319598412
0.0137298997144928 -0.0331037137241771 -0.00109167087558949 0.105855764515113
0.00725446871253381 -0.00095304538882136 0.0619450571974416 -0.0191558207023217
-0.0107098573866925 -0.0329698778191741 -0.00566846914590196 -0.0342278493002892
0.00181307540486651 -0.0317710030292165 0.0362969816135109 -0.0288901143846794
-0.0148540625059434 -0.00154984460614068 0.0855665403807481 -0.0226439621497029
0.0501129849516056 0.0576132780841981 -0.0236947180159438 -0.0188388306236374
0.00502829895664516 0.0445213752091014 0.0409053374150165 -0.0252990227652264
-0.194533675517056 0.0219472675198398 0.0292250839876894 0.0797674207128469
-0.0995322122293602 -0.0081546164653392 0.00851033210571029 0.103588860166923
0.0484504740363002 0.0632544645932333 -0.0199341364791228 0.0587152799580102
-0.0456614252109482 -0.0553960805523718 -0.112523502433415 -0.0364719404731099
0.0333910974432648 -0.0363445146748323 0.0462093395945596 -0.0294552454269885
0.0350233692109189 0.0495837464986569 0.016584565705879 -0.023306851801577
0.0133941358257931 0.088761587565437 -0.0139046033472916 0.0441958412427049
0.0300310972127535 0.113802072103277 -0.0105810589757605 0.0110407128220587
0.0273255904028277 0.049810597063129 -0.00246425491595295 -0.0179255970042338
-0.00897979429974095 0.0372157600768331 -0.0862719748664036 -0.0230689727992902
-0.219539134696533 0.0352531863486847 0.0240856577275137 0.0803501199369901
0.0217660430614713 0.0629518530597918 -0.041024914973562 -0.0188823008657623
-0.0428551771299813 -0.0721972573946747 -0.0847479157429399 -0.0385249426210379
0.0225475452435352 -0.034531051488106 0.0363239908618385 -0.0365156467091254
0.055024572825135 0.0973348316772353 -0.033992791694633 0.00516974327664106
0.0254265629470588 0.0440591952103192 -0.0297474426514716 -0.0186820691001346
-0.0135789529875482 0.0660897345422361 -0.00262840692591622 0.045537075640204
0.0282482159094968 0.0738955686762354 0.0126567051485861 -0.0164604676768929
-0.036152765375225 -0.101850636144972 -0.0618571770089493 -0.0398143918844369
-0.00580069582507206 -0.00104199296262827 -8.92292597883813e-05 0.0876511881601398
0.0144560641896321 0.129357923100873 -0.0152002818582395 0.0223779304432329
0.046639543536678 0.072398739088746 -0.0252509554399185 0.0060392143305543
0.0255731148139271 0.0620019928591485 -0.0297365582227741 -0.0183167007018714
0.0428456544248813 0.0688013279120856 -0.0288322433649574 0.0117471836489983
-0.00529024054253207 0.0508904796310329 -0.0544806664107086 -0.0137828670195871
0.0167969118323373 0.0297099960168219 0.0169729935836371 -0.0290211021784777
0.0111467979988542 0.0288376801947549 -0.0641052791736901 -0.0290783792745272
-0.00511265002523793 0.0557217300474987 -0.0857054436278984 -0.0208308210691217
-0.0174644613916645 -0.00653530116434081 -0.102903521959129 -0.0322270942334905
0.0271164412098202 -0.0123533428695371 -0.0598640762090809 0.0028044011471485
0.0483758723401532 0.0476592633568839 0.000149694726117198 0.0549453360216813
-0.0377054030745838 -0.0227915494636995 -0.108330245705865 -0.0363525070609176
0.0449885479555867 -0.00267550417124062 -0.00175406825859481 0.0834062508667053
0.057543213267513 0.00681417337108462 -0.0182830765077203 0.0688360408120089
0.0146496219809877 0.016347461965205 0.0780962187518715 -0.0224894918167368
0.0286293030304515 -0.0422026557579567 -0.00184527812283514 0.112504946330132
-0.00304895405428149 0.0101489263886079 0.0215152832732664 -0.028614346162991
-0.0178127378639813 0.00999940259721556 -0.101527882574456 -0.0331362139148118
-0.0188743152165299 -0.0793429957482121 -0.0347508219884495 -0.0398542113858344
0.00913609523679991 -0.0573033583571753 0.0438237746588389 -0.0373670408779244
0.00350208371167929 0.0537927775643311 -0.0137732574841296 -0.025588175816495
0.00417443004261192 -0.0194686598352601 0.0132706916197698 -0.0344425397316497
-0.117035500268327 -0.00345226766364678 0.0229024944105197 0.0889989951292979
0.00347255557281757 0.00287198583206212 -0.0283879087373812 -0.0325071887840106
0.00496389035446311 0.111292904504984 -0.0165015500109123 0.0326772886733062
0.0190274469545512 -0.0454210462930912 0.0681447590241397 -0.0370565137799468
-0.0367169528740588 -0.0697680418106654 -0.0547516437452827 -0.0387272063308606
0.0073114169226907 0.0154739340646663 -0.0018448929130293 -0.028361697934103
0.0307220730891057 0.0770305968377201 -0.0266739330869317 -0.0190249396404908
0.0224996128400226 0.00189680348749558 -0.0360109693168984 -0.0304519857813757
-0.0255968905074225 0.00117217791198165 0.00379746684987222 0.0893432932960395
0.0452267314787471 0.0124513147752333 -0.00940419569439489 0.0853461157864529
-0.00559941212119157 0.0189279838626277 0.037210843645946 -0.0237072068016664
0.000431641328051421 -0.0229863142319443 0.00100216254104977 0.101667771270531
0.0563911932696662 0.0914080757163553 -0.0197798331495505 -0.00457926613311658
0.0338472756161025 -0.0440889479517027 0.0656437385408984 -0.0366733085917878
0.0242825227810449 -0.0709347944442063 0.0243640066977216 -0.0375542532735755
-0.052493427260275 -0.0537060475639555 -0.134363568895528 -0.0385298368636007
-0.0228821691421507 -0.140599453533382 -0.0196098524771592 -0.0431471592214429
0.100891491994083 -0.0630336100543566 -0.0105913455752734 0.114683606754985
0.0185516150859639 0.0479675624430996 -0.00956016834178931 0.0762657627163888
-0.00511953510669293 0.0430663518368561 -0.0886545034516093 -0.0283604673589914
0.0154215316597519 -0.0112498393049813 0.0698468155394819 -0.0309082263963504
0.0336168990803989 -0.0257032614837674 0.0976309659132981 -0.0310074186066516
0.033360193348599 0.0139952972886506 0.0638691171871491 -0.0311294814549327
-0.00743738768276723 -0.0215108600957009 0.0180359107747437 -0.0341681396670194
0.00803391958291677 -0.0889157546907307 0.0340143064878431 -0.040513008201112
0.0359642333630796 0.024064379711593 -0.00166998796500586 -0.0288353395046216
0.00272043635168173 -0.0104715048717956 0.0575817741243099 -0.0204543827618426
0.0190051392035642 -0.0599469457435418 0.0200464724107018 -0.0354386009627889
0.0130455307578637 -0.00268416125031964 0.00749704215632196 -0.0287666725119476
-0.00180193169398732 -0.0514949232717865 0.0163618782965832 -0.0363095634612687
-0.0132507650176946 0.0191295796173066 0.0661736103167101 -0.00251403010958523
-0.00758145644059638 -0.0278688746203439 -0.0490317736700638 -0.0350275495586141
0.0144154109918091 -0.0233022666821908 0.0630695373685229 -0.0313816144715761
-0.0514367566398266 -0.0623559026305968 -0.102703664646492 -0.0384951824269301
-0.0498304383819482 -0.0588274934916763 -0.106458890580422 -0.0379168934794953
-0.0401898442255505 -0.065074583026198 -0.0740691140204806 -0.037590427693907
-0.0213482981583976 -0.0168067649458775 -0.00122065194393455 0.0884766837708578
0.0143400490370785 0.0843294583570374 -0.00809480354365994 0.0342619354971993
-0.0337255933231513 0.032119446645573 0.0816634823611317 -0.0101273391650398
-0.00762921139836331 -0.0787172353019148 0.0379082451669549 -0.0362859719443646
-0.110363908051231 0.0493659151962891 0.0278520347049068 0.000896696815557322
-0.232939514092793 0.0340617049548893 0.0310146827333938 0.0750250227074618
0.00522510043994245 -0.00309016711444633 0.0912039351362992 -0.026262952314049
0.0297515710612195 -0.0570884692613901 0.0642328197268522 -0.0359223658275892
