-0.00533080237473352 0.113502372188944
0.0235857962519821 -0.0193059049628798
-0.0483147895253638 -0.0398254835123982
0.0468741079804755 0.0445995723126192
0.0509559920453789 0.0356477939260819
-0.0358924214655828 -0.0422031073762351
-0.00112171574999447 -0.00372878260022821
0.0271693366446699 -0.0259006141138903
-0.0469281690553644 -0.0090297654580334
0.00175933914147986 0.0381699285313474
0.0920787238991476 -0.00772068252571935
-0.00614930095012086 -0.040406583807453
-0.0480264849520079 -0.0184698971650289
-0.0469444921775397 0.0140456036887191
0.0214569825413602 0.0301226439450476
-0.0242011223903422 0.117199490748573
0.0350070576523475 -0.0355188725797824
0.0116134750537171 0.00999732904032837
-0.0151068007934516 0.0681511239447983
-0.0326098807595504 0.0520454284782635
-0.0310701391259522 -0.0935686344670524
0.0111695471740349 -0.0813133967385969
0.00898849269234036 -0.0297001717712442
0.0254915497285992 0.00628755581461461
0.00422842958564653 0.0651116791836675
0.0903075806930781 0.0204939457531213
0.0319569477698603 -0.081365996211446
0.0261916073249974 0.0159916802541957
0.0134865394644049 0.0296963356256209
-0.00760056066342192 0.0458902831947496
-0.044696764701597 -0.0223112488255978
-0.0582019583817329 0.0480026818873515
0.0250329235304302 0.0505256343801006
0.0442613193953954 0.0393710466893655
-0.0407233477723241 0.0273604316284038
0.00766140416458153 0.0429886148296338
0.0334610021509919 -0.0320122254308674
0.0566265321076787 -0.011476317250458
-0.0253776630852497 -0.0544958397777092
-0.0194445960641396 -0.052222111043902
-0.0471978346839088 -0.0646712718064222
0.0266998099446249 0.0370916875455115
-0.0578777034416342 0.0161011053543332
-0.0601569133911783 -0.0173836701369365
0.0337298455434556 -0.0140065443871368
-0.0212089492857908 -0.0688265528017027
-0.0307618950580347 -0.040859411047143
-0.0645023013126842 -0.0397211098083233
0.0110813025779473 0.031774571995328
-0.0213418684292314 -0.0961098742530378
0.0777589477653359 -0.0280915299673718
0.0925341694228736 -0.00382509826861582
-0.0594053818496754 -0.00458152174413963
-0.062775307665495 -0.00798216839691704
0.101158601379707 -0.0156873411356918
-0.0720562850350778 -0.0451075091588794
-0.00632047694418863 -0.0264387554248675
-0.0185635862808686 -0.0585993979675591
-0.0152315618793931 0.0424206997171008
0.0429483322319709 0.0111935912987028
-0.032620175148663 0.00842349309795822
-0.0143945128560258 0.067284544549464
0.0298423588859722 0.0703247776130665
-0.0444752667527902 -0.0414090267471499
-0.0459335767647861 0.0147943556179306
-0.0557903524911796 -0.0154141944580078
-0.0223601595143601 -0.0302075831150628
0.00112997742165377 0.0508915680375447
0.0491976172887013 -0.0710319504124811
0.115840688552181 -0.0740145732680688
-0.0387416269720502 0.0170279983534225
-0.0157492702477532 0.01137562007623
0.0516554628651831 -0.0995653484720649
-0.0545544992869909 0.0394237055083535
0.00346213768286804 -0.0233990688375323
-0.0357476244502167 0.0022211595574127
0.021488471335856 0.0212345210490409
-0.0421492848552872 0.0328372322921789
0.01225610476511 0.0863876227473531
-0.0357850954295453 0.0355500627052555
0.00443114866341112 0.0537739856568696
0.0285969831361516 0.000446855682423521
-0.0389349434779895 -0.102819339026115
0.0328900087220059 0.00797740420830306
-0.0702586696863813 -0.0787302884294133
0.0253582841999234 -0.11372334658863
0.000828328979724724 0.0191568315893011
0.154643994746604 -0.0160832186990174
0.00544651797832544 -0.0507414332307888
0.115606445520807 -0.0287825054122576
-0.00885897795914918 0.00113253169958548
-0.0773746501393527 -0.0133558014490167
-0.01651351733359 0.00012027520566412
0.0143750511849402 0.0114339794060424
-0.017424393130708 0.0221589808180077
0.0429164599970317 0.000569609968937631
-0.00196223843934155 0.00409344826762213
-0.0674399576204001 0.00785992231531975
-0.000806894468612813 -0.0179351440995183
0.00184260275371113 0.0592667513258744
-0.0107529219617828 0.0360800256967977
0.00449770138270591 0.00577549292192335
0.0810149642925947 -0.029769658396959
0.0707080879845063 -0.0194231255966429
-0.00218675599432489 0.0260682394389554
-0.0438637875450654 -0.0521102228960468
-0.0580675440541736 -0.0507366950001849
0.00524480776719516 0.0386352591972636
-0.00625525913034014 0.011132670458761
-8.75794167813197e-05 0.00256721740542537
-0.0919291176648625 -0.0514930199662996
0.0487642419030337 -0.0177310469196646
-0.0222823589094882 0.0309860643092616
0.004796297619672 -0.038022508464374
-0.0167853967486187 -0.0149348501682416
-0.00420522280555149 -0.0668459014259927
-0.0387034010819583 -0.032924823904654
-0.0218205145136889 -0.0104203467361308
-0.0866629039140227 0.00656946158529307
0.0190285922354658 -0.0622049599416591
-0.00797060050717951 0.0461003075474868
-0.0387869945001723 -0.0848768611762571
-0.0103742361514243 0.0475977313784389
-0.0475997846414276 0.0241157876543564
0.00253753240749566 -0.00445291333068255
-0.0108826428863407 0.0272362853541875
-0.0257838096951558 -0.000201059856182716
-0.0526836136733237 0.00887130086635333
-0.00563940365863375 0.00308956112106239
-0.0221853325323775 -0.0974927354330273
-0.0611915640287912 -0.0505874254276967
-0.0157325395480455 -0.0181731433536081
-0.0343996769719025 -0.00878470229089389
-0.0317904275138996 -0.0624990969561413
0.111368897880667 0.0268500252970731
0.00223037079794641 -0.0469791736538038
0.0154615124328255 0.0523448178571861
-0.01661790109643 0.0642607100836076
0.0952208723971907 0.11172254969969
-0.0468263560659748 -0.0202341467326351
-0.0161355309676388 0.0595214347454587
-0.0020618344527269 0.0137696845118035
-0.0191982209920502 -0.0126923193523349
0.0553795879957204 -0.0731928566243312
0.0257283860509737 0.0175176824174407
0.0129535422847484 -0.0103110318737515
0.0245629822909551 0.023925631525598
-0.00488215713304985 0.00985462432197603
-0.0289059286803289 0.0163333007367455
0.0291273341291673 -0.0624790270281433
-0.0450075127549085 -0.0827078925694541
0.019639517666623 -0.0729531642389059
0.02365547583066 -0.0698153428137077
0.106046985010099 0.00145940148644361
0.0533938657996361 0.00321447597524352
0.0403266271019824 -0.0130869747986439
0.0411306749790121 -0.00969315683742102
0.0121293336025551 0.0866396967167174
0.0162812329723336 0.0699839707462442
0.111819088796033 -0.010676146533015
-0.0566254536112766 -0.0487653761923293
-0.0201299783844173 0.0337664194814252
0.0100768480776945 -0.0400726887832416
0.0367215113436963 0.0165397945949121
0.0152843493914539 -0.00878099886164756
0.0130317585206918 0.0670284295884242
-0.0149630816730912 -0.0235712728305691
0.0219463592452081 0.0183958601886922
0.0100559438151278 -0.0311665683601519
0.0159852481969172 -0.00050565041435579
0.0888220791288993 -0.0186541897656664
-0.0178257653698862 0.0890817214022406
-0.0518614369540253 -0.0736610690338442
0.0388973711979341 0.0466127812366149
-0.0886850969648439 -0.0462496619850558
0.0593129574408036 0.00151018776910422
0.0316084121823358 -0.000186176099822895
0.0279543124468815 0.0208612275489269
-0.0191125605276289 -0.0513115340105885
-0.010953222534028 -0.0382602042963062
-0.038696802790468 0.00717760883607601
0.0844350992453347 0.0117732158601099
-0.079355909627979 -0.00936950469096673
0.0707087089023222 -0.0308659700336842
-0.000423791142194734 0.0325323389624895
0.0457037068557602 -0.0519874560950039
0.0150838754657177 0.018837985069327
-0.0410482205210187 0.0121655995883065
0.0986034756582041 0.0331670042548621
0.132719347527928 -0.0362618726151112
-0.0252668528964317 0.0222184559567616
-0.0185636652644882 0.0126997717038158
0.0244080837796128 -0.090239140360418
0.00469047485932952 0.098742584956565
-0.00379886898718148 -0.0256387099994524
0.0404756912890307 0.0149861296266188
0.0495650074534071 -0.0608406612561606
0.105692820978414 0.00770087956952584
-0.0251986819008854 0.00276077069860477
0.0284744693112574 -0.0816281964158824
-0.0636043881999903 0.0846688907453851
0.0685938647238868 0.0436948579642992
0.0453418414503556 -0.0833725296169048
0.000176907113832393 -0.00520637525145729
-0.0599920894203087 0.00658416099961352
-0.0462587657766331 0.0553011100499194
0.0118423548495297 0.0353438168069518
-0.00558394856845778 0.00231427256671714
0.00103073893946698 0.0126677619156102
-0.0338012632736597 0.00476490202450392
-0.0543719504527444 0.0376904120202882
0.121973409517413 -0.030174459961989
-0.0301395895443992 0.092927567386628
0.0339054455325086 -0.0709383152412605
0.0351023115320648 0.000447097377211222
-0.04693701890653 0.0733586032810226
0.00867492125580619 0.0537783321398008
-0.0280423918678643 -0.032943382081539
-0.0318571635458089 -0.0610514918716081
0.0322586123904252 0.00302032854457003
-0.0915929049963156 -0.0591291047738067
0.0116042585791611 0.0274853954662446
0.0919034837779128 0.0127211999582051
-0.0275338733284238 0.0605025410949516
0.0590397825841767 0.0424211255017283
0.0479808259551637 -0.0262699322880462
-0.109276322683637 0.0276655963993787
-0.0535998758644971 -0.0500010786130863
-0.0276236473790371 0.00868358533819325
0.0413465316523574 0.0479385048021967
-0.0391479869395184 -0.0106704948028429
-0.0269430926545675 0.0182475589273793
-0.0525335491850316 -0.029852067377978
-0.0010560038000872 -0.0575149771619076
-0.0671249466241938 -0.0880475415882685
0.0527338711679062 0.0382836309672729
-0.0658837871441112 -0.0728410405129471
0.00151790992344942 -0.0210701953010437
-0.043396088045405 -0.0591241414580435
0.043155617106469 -0.0824425106766634
0.0537459844359663 0.00392247433921662
0.16698334255278 -0.0374511876543829
-0.0231646820332596 0.0408310799927733
0.0140053102512013 -0.0166979209516211
-0.0364490346525055 -0.0894608397860157
-0.036477543908202 0.0331437532924119
0.0132204892051885 0.0231807957029233
0.00630720326704142 0.0304872298086457
0.00192056077268473 0.0482411227249682
-0.0208706712885795 -0.0180778173092404
0.0160071187276898 0.00988638626801112
0.00115321568124453 0.091420126760926
0.0104446655889462 0.0362656034334171
-0.0193491422435111 0.00605733022670068
0.0378117985542871 -0.0434742334930967
-0.0454145445871078 0.0245742107432499
-0.00836489490422796 0.0154077606319316
0.0642826419885323 -0.0286481146252239
-0.0161854212475415 -0.0256772045121697
0.0353285679964098 0.0221782364881351
-0.00570827314267492 -0.0245005983026167
0.0409862132697763 -0.0603914875700415
-0.0220165272716745 0.0170265280178939
-0.0420336651577165 0.0394306575749644
-0.00700763089722727 0.0175064999451239
0.0302945805012786 0.0916712466533777
0.0605221003978289 -0.0383171894181048
-0.092857468024625 -0.0881907902617014
0.0335191623103776 0.0710824979457526
-0.0512772179855093 0.026328695612007
-0.0154257095082477 0.00128073208652754
0.00650958120945182 -0.00440076522111703
0.103908771108097 -0.0690355390831921
0.031740077906827 0.00592034785730942
-0.0530659075132343 -0.0294987418565726
0.00455067723746933 0.0247418382656678
-0.021005977277918 0.018306563243837
-0.0181734131962684 -0.029735778532492
-0.0220952252648181 -0.0091688459252009
0.0929622511129019 -0.0297351924000249
0.0306592907484948 -0.0616117088003975
-0.018476301950984 -0.0308687886928546
0.0166998888371011 -0.085067440664721
-0.00979015504044057 0.0596704601130035
0.00330569846923743 0.0452891961148258
-0.00882780858773138 -0.0308557406857468
-0.0101880770639999 0.0139206141650079
-0.00084795208983656 -0.0470862697760143
-0.0512004886730307 0.0336626351671424
-0.0310723832445499 0.0315564036371503
-0.0229993966381251 0.0040573259821518
0.00551429699386098 -0.0260449774683202
-0.0354796847866059 -0.0417740396206764
-0.016191602587465 -0.0204954007709791
-0.0035704655717916 0.00188101234871547
0.0549421789022176 -0.0124170695580344
0.0226142413467509 0.0718089602792566
-0.0482686575868074 -0.0443876069849627
0.0498555085078229 -0.0442496835751637
-0.0302413017269591 -0.0409939755278168
-0.0575542233709045 0.00166498273895503
-0.0198572077648057 0.0489540543754844
-0.0592375078678005 0.0165447171235733
-0.00743489326169607 -0.01153624324687
-0.0755998604566259 -0.0312863272313528
0.0621723087974605 0.0231590209285373
-0.0394323975353185 0.0954092770599517
0.015297485694578 0.0829960792352852
0.102033005805393 -0.0233286661118953
-0.00445067298367431 0.0381428872068049
0.0366212859233829 -0.0111149733362397
-0.0503121315789306 -0.0522815606031118
-0.0207264065619499 0.0566587316261302
0.0869348869929764 -0.0373185821571844
-0.0172408288524203 0.0324418964128475
0.118991257165642 -0.01339072261841
-0.10532429587126 0.00777246326309631
-0.0212676157023028 -0.0378974637014363
-0.0598140996996895 0.0175402777262053
-0.0431719667220716 0.0856563448595032
0.117190944372788 -0.0130890903451652
0.0537168584574136 -0.0124174884431127
0.00698603671123231 -0.0111232779262401
0.00246220241027458 0.0452056904148062
-0.0465871409425384 0.0293644306422165
0.0352138463657502 -0.0963606499099702
-0.0233916952746004 0.0184378631643948
-0.0309918418482944 -0.0283209999663182
0.0051002328134979 0.0559711168948654
0.110674333205672 0.00863411716836464
-0.0443371189281731 -0.00933708740815921
0.0142657566255012 0.027770755221979
-0.0226536602300912 -0.0142540339791868
-0.0249923339075894 0.0934318193603586
-0.0497147158409032 0.00304712930351453
0.0016616355683106 0.056812649150751
0.00704054064213947 0.0180814575067465
0.0101584203838757 0.0516061598277617
-0.0415891775157636 0.0131542441832683
0.0112309409300896 0.0135953015179992
-0.00417670421897792 -0.0950631711017487
-0.0646873704045575 -0.0248577803850709
0.0568612041072653 0.0727074913337879
-0.0311725253922665 0.0441092742361913
0.0253912771416148 -0.0587689514062702
-0.00987967446084856 0.0925951636839795
0.142260637711479 -0.0706695033371383
-0.00337059864936498 0.0760675329500278
0.000233831865951184 0.0214292772232051
0.0104736218925377 0.00117747993772819
0.00819311837335006 -0.0282464821779892
-0.0657267451601106 0.0476610859101439
-0.0347100671970806 0.0139570545013919
-0.054804829998221 0.059387225997429
0.0442250446168545 0.0738343927193489
-0.0217330928989312 -0.0109731879874749
0.000418429871271681 -0.0426490697043119
0.00431505218057639 0.0448837724716777
0.0263796660583444 -0.0416842164384776
-0.0170023878055975 -0.0261071333850086
0.0297946844617489 0.0334287504220205
-0.00432173749857982 0.0573770249969956
0.0317951589597264 -0.0579181134989114
-0.0217324831322774 0.0192341552215386
0.0501879932300783 0.00373711734992535
-0.0807254798205936 -0.0817709199834879
-0.0034594431060074 0.0514286415882047
-0.0456322459961504 0.00128160711702354
0.0364952754573531 0.0252985956246699
-0.0449242726713679 0.00192405175189467
-0.044971192344569 0.00321157857543933
-0.0105271608437282 -0.0153808533176543
-0.0637129120894183 0.0910896592543141
-0.0392337056620597 -0.0299817614197234
0.0206540053617711 0.0339101267290763
0.0317155001415389 0.0339868879259776
-0.0123152823964407 0.0204506815914421
-0.00752151039804654 0.0475639122900452
0.00192107440371675 0.00946080979889529
0.0825199512682273 0.0248490065978937
0.0123062279696043 -0.00370900370007844
0.0502953072154056 0.0117230765898385
0.0343111148863763 -0.0402024284846888
-0.0148043586136841 0.055403028262789
-0.0244427296597205 0.018233388225382
0.0368659002181953 0.0568137313533246
0.00675501853840189 0.110884766538106
0.0260127211298054 -0.0649982377033713
-0.0215878985578993 0.0296420339910913
-0.0117289120339658 0.0381810852105481
-0.00491754145177475 0.0261535500942227
0.00240039228684031 0.0241988755914479
-0.0259320600251707 0.0243353107591781
-0.0385433122908123 -0.0226834333557582
-0.0343849360435758 0.019909283900481
-0.0523380051274922 0.0204582900669503
-0.0159734591856133 0.00487813377882764
-0.0248765968522988 -0.0224902830123674
-0.0391304154134835 -0.0375425362977901
-0.0488191941019979 0.019206186384657
0.0543142104130728 -0.00693567347500087
-0.00935266579849731 0.0219359459855909
-0.0443101904176761 -0.0217600645410992
-0.0436244237396851 0.0141403648863265
0.106858695490003 0.0282731657612435
0.0296839646407967 0.00608644526761698
-0.015072376522322 0.0219205827999039
-0.01419831031324 -0.0302268510139867
0.061309663576255 0.0355236123554931
0.0419986052234809 0.0390456585423182
0.00393234182561724 0.0332241944106765
-0.00691147602008276 -0.00304677834966291
-0.0111326671377299 0.0423600972531999
0.0052753292894993 -0.0370409629089085
-0.028607936198847 0.0611191274853193
-0.0501166413587477 -0.120377200471764
0.0102111323619641 -0.0118518709032134
0.0343536470528575 0.0345543526016973
-0.00632837774523384 0.0281809471676232
-0.036147366022183 -0.0118107993161326
-0.0324479534664097 -0.077847507789687
-0.0281530922143799 -0.0445620285596584
0.00307820939429521 -0.0475608862055721
0.0247734961266798 -0.0314814920114055
0.000779329344498905 0.0977974360812369
-0.0202567990770579 0.0692654576832733
0.0305046834435199 0.0792943664929243
0.0123858100314261 0.044995488385244
0.0331376409688607 -0.0402004155486259
0.010606991668282 0.0544688741909038
-0.0154293115588796 0.0330810744627421
0.00643021140536187 0.00364690984629422
0.0491876090344058 -0.0263694926052613
-0.0193168881805296 -0.0292618408438801
-0.0435312364580289 0.0836683287990821
-0.100031326988286 -0.00296449991036717
0.114122079687292 0.0369068509870013
0.0219264741002291 0.065803001151929
-0.0466963748385738 -0.00897911833369247
0.0103586986214219 0.072989591279417
0.00782014435216076 0.0898113594299606
-0.0438681289469358 0.0133552730160836
0.0256633433223109 0.0186944291529421
0.00263115591379912 0.0801920390078162
-0.0172306186093783 -0.0471071145262303
0.0801935590590517 -0.0473767471919574
0.0288889269685809 -0.0033001725337133
-0.0645659226869143 -0.103195108741993
-0.0302386249148399 -0.00646054670920539
0.00573337104377538 0.0054662710190776
-0.021162697714065 -0.0927536839594389
-0.0392247305612702 0.0471432262023945
0.0811969204491408 -0.0154035345150394
-0.0243118937892161 -0.0472847882742245
-0.042742742721361 -0.052376706973625
0.0387374982850986 -0.101033261426256
0.132014354095038 -0.0672529570290765
-0.0780717256463836 -0.0817869678459308
0.0380210554061277 -0.0325542970947978
-0.0301856440265326 -0.0490014739735364
0.0738386366821673 -0.0139105753850584
0.0277595629694306 0.00220931324845638
-0.069154381076978 -0.0913537616605369
-0.0102782556274163 -0.0023232052304443
-0.0622239020457054 -0.00247457490282328
0.0243031734979405 -0.0652567176513996
-0.0732564462855097 0.038322131633668
-0.0127573155432765 0.00736194143033082
0.00269411916441991 -0.00929177967140036
-0.0218766385437213 0.0594426050092825
-0.022653508405748 -0.00823810987552051
-0.0263767926604775 0.00218221498635784
-0.0555640549676314 -0.0602873934059055
-0.0625327750033341 0.0640621607911171
