-0.0346519115369783 -0.0328508219593322
-0.035377766277941 -0.00236066567969044
0.0160994105643072 -0.0130086141057448
-0.0382893180059116 0.0367491462742331
-0.017446194063057 0.0567416703003747
0.0184440491904429 0.00758520356874029
-0.0341416403535938 -0.02669849664784
0.0115413752223433 -0.0422528816272424
0.0477431980025298 -0.0676787153552522
-0.0379067786634399 0.0459190227037708
0.000654479521781254 -0.048612682636641
0.0160904378283899 -0.0170754466220689
0.00458606094947805 -0.0215996483358233
0.0208671762101175 0.0107388493465689
-0.0587058423278479 0.0941170263547029
-0.00344136189683519 -0.0127079033331373
-0.0228039818198753 0.0081653819081646
-0.0466179825259785 -0.0163934436091126
-0.0822479987951664 0.00262072706669437
-0.00616882500128151 0.103220168721058
0.0877774673760548 -0.0756476190958681
0.117330507445103 0.00644385007291172
0.0605830601482122 0.0723896540761991
-0.00196225929941841 -0.0362853273729815
-0.0393391180323149 0.0468698260794822
-0.00640232184600893 0.0265931593137706
0.0454782912440379 0.0252384696820995
-0.0118001285297035 0.00705165908962686
-0.065552836874143 -0.00171143279865594
-0.0227830160294917 -0.0090997292661063
0.061736572978562 -0.0123446126878574
-0.0487568854357585 -0.0470486027569816
-0.0478981538037158 0.0490825987347156
-0.0520608962723251 0.0327217277930833
0.00451718039270209 -0.00694728752085431
-0.0531994587545253 -0.0258468650723674
0.00846011022286623 -0.0934983999090112
-0.00267127953978357 -0.0197578817788342
0.12482015069851 0.0199677892488853
0.0486422959135881 -0.0164199432152767
0.0486825826101631 -0.0795556683898201
-0.0497247157405983 0.0198575871195134
-0.0620672894518205 0.025883799290701
0.0511296793760854 -0.0312139930445053
-0.0310017101201504 0.0378845542365428
-0.00967517109039853 -0.0221729278128721
0.012565084349618 0.0238650379961353
0.067222030937573 0.0525079745449676
-0.0391425522554023 0.00741892500720351
0.132667761478449 -0.0420322414618198
-0.071903860841279 -0.0445346884774164
-0.0262169465217393 -0.017376057402366
0.0298829118551117 0.00308381829086918
0.0172832746364411 -0.120373059703475
-0.080554900430443 -0.0267350922917899
0.0176315297275267 -0.0257458414230353
0.0200848589094975 0.0016339404958792
0.0359382922387386 0.000425827922647939
-0.0163931339722617 -0.00254667132021484
-0.0456280713690251 0.0260487943590333
-0.0178323305599554 -0.0880098579116428
-0.0107074945677748 0.00657707594573506
-0.0428184845812278 -0.0167936321913005
0.0174804947994879 -0.0967592456748639
0.00801724249212207 0.0516511192355186
0.0652958315526451 0.00923700984785813
0.00882355318390084 -0.0452287265142404
0.01065503097395 0.0334323838932145
-0.0226494099520273 0.00819509529093076
0.0604626683261347 -0.0415242448674225
-0.0256588514707434 0.0177398095600177
-0.00379376531038764 0.13402166470073
0.0319900557661785 0.0110220232867229
-0.0344104059092538 0.00878434045841625
0.039948747339621 0.0229321154909791
0.0389008492453651 0.0313787370955281
-0.0274445938185812 -0.0473534495801161
-0.0237765582130076 -0.0231027383042177
-0.0540087316252356 0.0660140989187357
0.0249245809246529 -0.0447997404871863
-0.0178639068545883 0.00216704086604574
-0.00312274763608006 -0.0340998092447759
0.121076802718632 -0.0442213051105736
-0.020300983209162 -0.0470560209282705
0.119706055497889 0.0381476179120748
0.116092758274366 -0.0309462191481685
-0.00361918396128749 -0.0879540842549354
0.00802318195339976 -0.0527381400446602
0.0486753510494406 -0.0425174822233939
-0.0420988587141774 -0.0634703973662836
-0.0334020739793327 -0.0156414191059172
0.0560227995841135 -0.0453052273151566
0.0270321182781679 0.000104895948275544
-0.0217320196396023 0.00181927888688024
0.000138750334218108 0.0403216953952933
-0.0403330770946216 -0.0106943310935824
-0.0205242249375338 -0.029263064118594
0.0622358169427959 0.0306247556387206
0.00793620458005287 0.00931862783631614
-0.0483076284576905 0.0121973589295074
-0.0670254916228881 0.0744121372074105
-0.00282447619424063 0.0233170100347957
-0.0281703831198479 0.00293271340455588
-0.0593971143147997 0.0369201139748926
-0.000422931638269341 0.0670569649106961
0.0173876556091438 -0.0325076893781565
-0.0229723433840057 -0.0675581313415128
-0.0460762838819829 -0.0122253557802936
0.0333539074518335 0.0183267115935258
-0.00576057384622073 0.0864304476128959
0.00511431640097773 -0.0174233446536993
-0.0403707431014254 -0.0211972064856416
-0.0497675044823807 -0.0182830100471298
0.0482345061677957 0.0702505846423009
-0.00861148802576499 0.009508470481344
0.0586007186681422 -0.0057701798116883
-0.00570995434523215 -0.019901940038061
0.00918541905027371 -0.0347257232577981
0.0188657399439664 -0.0559229616388504
-0.000597600659588719 -0.0758070209259472
-0.0179801254210155 -0.00414639435536958
0.10472471644527 -0.0325901722191879
-0.0338486771272596 -0.0106555931100323
-0.0294482909437801 -0.0533726050728842
-0.0227769033258868 0.0884521744205554
-0.0333346421936321 -0.0219916295725261
-0.0366929751697011 -0.0643315716565649
-0.018816857305372 -0.0742228495169682
-0.00291795035395876 0.00458541652219626
0.105035755943569 0.00797842716696502
0.0451974799464934 0.0863403202346406
-0.0334362343070811 -0.0691981814738636
-0.00957065683665391 -0.0357431348624348
0.0188476787209802 -0.0734287094850437
-0.102557511407655 -0.0413890919140512
0.0118739805284321 0.0180595836852755
-0.0523787382892039 -0.0292624605418184
-0.0279638491851344 0.0361190701385326
-0.0573548543241305 0.0248143711841913
0.0490632845524086 -0.106622561928073
0.00885925121637099 -0.033817418197628
-0.0693520859232818 -0.000139827269176158
-0.0377062794555307 -0.0518161908568069
0.0100087348709068 -0.00384244884426914
-0.013072623879169 0.0105403843207065
-0.00200315125336752 -0.0408108930506038
-0.0488724124327953 0.0248483084782525
0.0423019990801757 -0.0949373777519394
-0.00221295551921989 -0.0189601773957598
0.0412754063254927 -0.0227070320302424
0.00757828058604696 -0.100231474157021
0.0144004837597528 0.0447084021996002
0.00378369653547234 -0.0189221608356747
-0.0213289004718791 -0.0538377419953179
-0.00820798791595479 0.0365845604453534
0.0191609858401411 0.0524470613214931
-0.0272434714732805 0.0146200214382497
-0.0212696604534434 -0.0116228016554937
-0.0184138166881347 -0.0216016151822486
-0.0443066582812531 0.0276607398339926
0.0468102664127563 -0.0379923183747962
-0.0301142316223239 0.0168470675933081
0.0485214897637331 0.0287984863630279
0.0037155373895191 -0.0539422097998009
0.0876895677315744 0.121575578322521
-0.0373708937712674 0.0522066211866319
-0.0141111365642333 -0.0154182981681485
-0.0274942693889529 0.0419865053726682
-0.0143600374856938 -0.103995902453713
-0.0157270248444159 0.0351005383341371
0.0149721551120392 -0.0749439971102269
-0.021409508565597 -0.0361617285562526
0.0411557097607825 -0.113986542290208
-0.0389288173286319 0.0505318914130006
0.0169710801579359 0.0503034591912244
-0.0424521904574586 -0.0419236794081235
0.00542623498936651 -0.0786652541770722
-0.0764657635111104 -0.0234949444599737
0.0402680290137693 0.00717492512252134
0.068162345179527 0.06891772861945
-0.00119800472235366 -0.0561910420679431
-0.0207223258863742 0.00336697328290875
0.0235931820889679 0.00721091362352806
-0.0013544545455103 0.0414620875623789
-0.0112184685648769 0.00937088740955829
-0.0135478064877799 -0.0865921333544297
-0.0120602420403612 -0.0399095137230589
-0.00879484237852082 0.0740972299027979
-0.0575765258123607 -0.00512659073452199
-0.0216589133197283 -0.00649918424238537
-0.0323684924268845 0.0551503543463957
0.0135962416766524 0.0213312829938204
0.077187565843608 0.0316193701608349
-0.0204164149098753 0.0597416028554721
0.0427559782697946 0.0598048544550604
-0.0165894475063038 0.01099287766842
-0.0506429403290264 -0.0532284325130553
-0.0564736420510119 0.0435273309914863
-0.0202473673108405 0.0336513316874508
0.0323158013922821 0.0451757264217255
0.0399355005055913 -0.024654656268052
-0.0357469687764293 -0.0252370003963935
0.0932147663252872 -0.00536494709588176
0.0692372792922652 0.00224275981168716
0.0760736028241167 -0.0301717756080009
-0.0229453936367232 -0.0351284150163135
-0.0371974627653254 0.0073620907618419
0.0130013582828142 -0.0106859295601556
-0.0157369376948528 0.023416871591965
-0.0137213851438753 0.0733453016984853
-0.00112531152720062 0.0529622504481052
-0.0461353849361959 -0.0357519477058501
0.0186602274850882 -0.0274647392287519
0.0642847466761626 0.00552566373806203
-0.00597464003642349 -0.0588792198126374
0.0994948737193348 0.00141670545433264
-0.0596216759584682 0.0531809808144706
0.115515851888131 0.0508907776934796
0.115853404748149 -0.0430770451701594
0.00214717162964352 0.0117856454745209
0.0700613390099835 -0.00657203415586199
-0.0523036456759157 0.031165978567105
-0.0279679596955709 -0.0195468128610294
-0.0441482519215639 -0.0325459901388798
0.0123846125813656 0.0252825983959293
-0.00661218916778199 0.0103603563960599
0.120394714777063 0.031375065011804
0.0795877190416543 -0.0520556638196068
-0.0233405452545449 -0.0025122274211571
-0.0532545945644157 0.0291439152244563
-0.00321552289215352 0.0262834842826908
-0.016429107676158 -0.0256814442581778
-0.0239222761876021 -0.058463969104729
-0.00539283671438107 0.00324667666269617
0.161175943344729 0.0987083995397374
-0.0309011919566841 -0.00896222873579669
0.0360540765032492 -0.0173030961282246
-0.00357469090675765 -0.00766822872433704
0.0719685271307425 0.154493995344433
0.0548094480746982 0.047004854747939
0.0291227272264898 -0.0678670388345201
-0.0152904607995667 -0.020330577332541
-0.0372238004696186 0.0895326434818864
0.0141579430292963 -0.105698654703415
0.0796505172399782 -0.016625686312473
-0.0184357800638456 0.0414128597048294
-0.0446765067085974 0.0782310633079605
-0.0365174697757577 -0.0410846655968516
-0.039086161515951 -0.0252661673713299
-0.00733925019401249 0.0736356846952513
-0.0129610032742941 -0.0278309127238632
-0.0475627049346782 0.0509433103926677
-0.0191768775580754 0.0238541082329564
-0.0186796178355068 -0.112148085550671
-0.0583765410787744 -0.0310761735127251
0.00605051790373876 0.0125602999425795
-0.0248420564688936 -0.0267071315936407
0.0635956153076929 -0.0843618079502244
0.0345350885279676 -0.0647655326141134
-0.0279210260196593 0.0445702541863503
0.0396967882774821 0.117064981997204
0.00923492762964149 0.032776392772672
0.0016211018596207 -0.0130491048691769
-0.0443862288827356 0.00317642259300973
-0.0356862977725601 0.0104631843103078
-0.0507506564226544 0.00831192930654603
-0.0136815298853944 -0.00693241248631388
0.0679127499861786 0.0439256937264229
-0.0231858894046545 -0.0281137221501271
-0.0213299549359007 0.067459369683713
0.0328664547923615 -0.0598795974257087
-0.0205389429302533 -0.0383942548481521
0.0505329656414802 -0.00897055020396429
-0.01814138333711 0.0207267700718008
0.0272752162517709 0.0118166426757836
0.0244589712453648 0.00547554734756534
0.0546711536070783 0.0608658127990627
0.0350505311866785 0.0200691698631188
-0.0236282984205205 -0.000172861797987026
-0.044263766318813 -0.074560071490738
0.0340477593296521 0.0239627416689104
0.0551605821841848 0.0174826799286029
0.0398223654069352 -0.0305640703951686
-0.00528096579888737 -0.00458227715779184
-0.0480816910272904 0.010527454812168
-0.00314935464019452 -0.0331049394570465
-0.021890019574624 0.0240973249676558
0.0497623082218175 0.00413653389316013
-0.0140027999360192 -0.0342839451735976
-0.00856395259422183 -0.02284551184015
-0.000705623337472059 0.0228966347997998
-0.0354332366045131 0.0174036758795957
0.0437010232142355 -0.156948566510442
0.0210325252286149 -0.0174710060091249
-0.0032143247416628 0.0187240939428977
-0.041051860977574 -0.0198886009858847
-0.0621691919625099 0.0208471106699008
0.0500039185576314 0.0474760431940216
0.0589547591651988 -0.0511997913398891
0.0405529199353868 0.0375983411404194
-0.0363490467572624 -0.0416848093089723
-0.0441452601647513 0.0512011647731791
0.0546421253853212 -0.061655931986932
-0.000841575446506725 0.0263839035479917
0.104480006042999 -0.0444591367258336
-0.0220058252048581 -0.0523230827087783
-0.0696523848048791 0.0242067500834494
-0.0530589268335492 -0.0125666973460497
-0.0185242115170312 -0.0398441294125856
-0.0264967325349469 0.0195831211630985
-0.0408587730140344 0.0249070122150034
0.0706419212485984 -0.00250851522753449
-0.01792995451912 -0.0279686703569844
-0.0582884352846574 -0.0070522443134054
-0.0335989160673941 0.00411062914434955
-0.0106995997888514 -0.00364741773247667
-0.00316067634913041 0.0200335931365606
-0.0314894248530682 0.110793184005232
0.00982814986508955 -0.0504648923513865
-0.0350789801475051 0.0316317967766306
-0.0566921655471569 -0.0259681510400715
0.0433210518427608 0.128175776446461
-0.0251892418459344 0.00880314331538292
-0.0442765535882503 -0.00110885618032407
0.0175032424900015 -0.0654353289668787
0.0171288759706245 -0.0620069642609004
-0.00879517766928017 0.0103276476744349
-0.0133617011801001 -0.0462697198433569
-0.0307625839259373 0.00181112269704658
-0.0249520766479259 -0.0571762225260412
-0.0405238977829792 -0.0501915149448816
-0.0139628961900251 -0.0184214145896756
-0.0316616942833881 -0.0125704884078298
-0.034554537658644 -0.0282303962367371
0.0142620952330653 0.0279837531236955
-0.0414722897056979 0.0131474159813656
-0.0301350939265943 0.0632156980479509
-0.0229835837894328 0.0160907983756159
0.00186066705324916 0.0416283493691808
-0.0603085691608552 0.0354755220049544
0.0719542949439699 -0.0125687084084374
0.0434597009966331 -0.00446496957928618
-0.0645257633900847 -0.00518492488529081
-0.00641091327955083 0.0988057275023817
0.0941735681263341 -0.0333036478733692
-0.0322104618345629 0.0159648174150587
0.000790188625739693 0.0425528425409491
-0.0498185066860426 0.0407609310864654
-0.0440660465937599 0.0062198602694104
0.0297598725287539 0.0255651832762207
0.0445147372511266 0.0072314519312028
-0.0185659222016081 0.052360632415993
0.037944007304362 -0.003729433448148
0.0331131142940545 -0.0172968387201905
-0.0424360822162591 -0.0019856872123618
0.012645303739676 0.0729638179425679
0.12087970941182 0.0148376762770654
-0.0627273366267172 -0.030652103993564
-0.0175001727224419 -0.0350802076511951
0.0467411239742951 0.0317252690036574
-0.0161789410753537 0.00943915841819579
-0.0531480509622543 0.0905508923153494
0.070111236387132 -0.0239439245465625
-0.00798842234550493 0.057469416665332
-0.0442247010693645 0.0473160402480034
0.107604922260709 0.0139478665961257
-0.0219443440307739 -0.069304215733436
0.00608019622191759 0.0131318150494176
-0.0280590011711886 -0.00340512792970535
0.0515928386426813 0.00746659556350208
0.0638783283296244 0.103606534132323
0.0203078353858098 -0.0137976242422745
-0.0261492513237935 -0.0402391469841457
0.0387546433860754 -0.0877926193332797
0.0244212491646687 0.0508677399339845
-0.0182303204333579 -0.0402361050345604
0.0132479974030808 0.0261868644710216
-0.0734539822752033 0.0718257084620983
0.0151902137045416 0.0854747618092135
-0.0594035291761172 -0.03385807575044
-0.00124387166275054 -0.0201100691071973
-0.0064399720506344 -0.013518266665669
0.106834363209263 0.0275518747487699
-0.0400705630841195 -0.0240697436814501
-0.0340228317773225 -0.0211143584268242
-0.0485554208591851 -0.00994061125266595
-0.0287430533754307 0.0494535798731752
0.0526628331228243 0.0224886967875135
0.0285621840640827 0.0304122260778503
-0.0303473490940729 -0.0202005014812047
0.012325374847242 -0.0588939938145211
-0.00763515776707782 -0.00701189875055997
-0.0607243142972245 0.0498330850716421
0.0163329102505166 0.032967127185329
0.0150601063204154 0.0731669718789072
-0.0252428197602137 -0.00966802975266765
-0.0398631173316059 -0.00629039707914188
-0.0156956647260576 -0.0109381912721092
0.00420320346091208 -0.0213261561317449
-0.0196056645465203 -0.0136714909181323
0.00553595656057074 0.0126598814372046
-0.0333222298864879 -0.0203146450445971
-0.0309638878165828 -0.0417158154972851
0.0265001173100057 0.0835239564114443
-0.0418702650696581 0.0435691652618175
-0.0242157127395796 0.0131747876863976
-0.0349721233732186 0.00540584882684975
0.0934766490024994 0.0226292375435067
-0.0345130729199486 -0.0016909983870399
-0.0439583233763427 0.00604465100555871
-0.0505176278156375 0.0753901066026544
-0.0239077969920049 -0.00788051001359175
-0.0378876842849093 0.0337240578293889
0.0341704056107077 0.0433683668045662
0.00898850599613707 -0.00409578648468484
0.09831968741912 0.0405867476926035
-0.0384776368012384 -0.0114786092770284
-0.0368282144952448 0.0159809010577076
-0.0198237133400001 0.0175357574123571
-0.0271740500520708 -0.0479032117680877
0.0532391421331383 -0.00259743457870403
0.0309982252854394 -0.0610867769617649
0.0132900555732446 -0.0230918277330954
0.000844285461616093 0.020440671431246
-0.0910173832833487 0.0366971932164166
-0.00650465075031684 -0.028048885883425
-0.0650986625425504 0.0299711796216947
-0.0307470422970719 0.0115056721900576
0.0209703829619834 0.00485395245480991
-0.094296822198384 -0.0063616460240707
-0.0144486091040475 0.0452954694349896
-0.0209879854560308 0.0140719409092899
0.00712425765904512 0.00449142660984827
-0.00129675587755128 0.107963002460588
-0.0147118960303002 0.0330360929117171
0.117717212749351 0.00572712382130392
-0.0660001341627725 0.0149625234123771
-0.0229041491737965 0.0156679574136547
0.0140515200893021 -0.0104731437370013
-0.0604885550298743 0.030692210198248
-0.00562902759148399 0.0425461681488793
0.00140874820048122 0.00992244236258942
-0.0338572859486609 0.000444844997192964
-0.0352135920472245 -0.00332170688973096
0.0320418637104992 0.0586141778435803
0.0717900911663785 0.11745559385359
-0.0422314663251736 0.0308188036301942
0.144165734998808 0.00275301070713033
-0.020526903333314 -0.00712672193538203
0.0223186333347477 0.0240412542037619
0.11393365304907 -0.00118211295275475
-0.0537901066323901 0.0683094580432816
-0.0428328658078395 0.00110703367422687
0.043871356994862 -0.0709775408224551
0.0198602643118267 -0.143233992141113
0.0852338977580203 0.0710847802057435
-0.0258758382183645 -0.0704021533321286
0.114910933290303 0.078398064549657
0.0593499530152318 -0.071317767655248
-0.0229903279303417 0.000913414693063262
-0.0110947284592719 0.0263485831981346
-0.00810976290346561 0.0127335780181273
0.110649508184796 -0.0195786472915943
-0.0290118877963144 -0.0530734263374088
0.0184776696178258 -0.0339208359810617
-0.00168649662898832 -0.0289141677235572
0.16679798363444 0.0514915534351201
-0.0134873121804061 -0.0385295083220451
-0.0148952987117927 -0.050709968917511
-0.0350502945615273 -0.0129409299059847
-0.00280455234572251 -0.0308643909558538
0.000244108831977215 -0.00550073617537929
0.064417287670145 -0.122439635966495
-0.017074249711164 0.0607218016590623
