-0.0417259999246234 -0.00572066452276739
0.0112256411641459 0.0407791461087096
-0.0252624463139342 -0.0640709409465077
-0.00348245355797788 0.0356269269776003
0.00751487017411173 0.0348341123514838
-0.00297466059072432 -0.0197131761372025
-0.00308843092364902 0.0424254915791378
-0.0093795730538119 -0.00585086296457782
-0.00510788762451519 -0.0167010836075766
-0.0121904653228152 0.0252923575573231
0.0459956601721018 0.0597030155340001
-0.000658582137284758 -0.0107363444572751
-0.0227954540726148 -0.00596384814783374
-0.022085802757243 -0.0152610407230409
0.00431564088733281 0.040823219355105
-0.0383308462388155 -0.00889380622435813
0.0110929878259755 0.00468090897096339
-0.0154576443172478 0.012051964528772
-0.014675085365771 0.0204981006583546
-0.0279857213223526 0.0404642665141698
0.0382053623850136 -0.0353082957617466
0.0427218503610611 -0.0772450526890741
-0.0111919170139502 -0.180572679887274
-0.0115424747677582 0.0344680915614114
-0.00291227221503907 0.00873965481833364
-0.00518257288899512 -0.000819829773051676
0.00916850881819012 -0.0274056028738704
-0.0266191574384661 0.024728421442799
0.0208221016093564 0.0305298571892212
0.000572159395371771 0.00204459397302915
-0.0459864796890857 -0.0178795032720314
-0.0409547732330093 0.00673333743070167
-0.0158086284253458 0.06198157839316
-0.0520518853930424 0.0478106927357041
-0.00553912717394898 0.0361297003246953
0.00872060765923719 0.0501931101753238
0.0291243106535301 -0.00773135139666962
0.0161911403220705 0.00818685664148523
0.0295775403693593 -0.109729165490671
-0.00774984159386983 -0.0358432082385898
-0.000143214876467662 -0.0550729647178964
-0.0325627221045683 0.0394438744854807
0.000286065241079311 0.0323925464649851
-0.0142678226471307 -0.0431510547654611
0.0580351813724157 0.0157739093314318
-0.0141371973599078 0.0153265681347987
-0.0254615039341673 -0.023959611195991
-0.0205743981066137 -0.190177428780473
-0.00800890721461501 0.0445764251881777
0.013372508764168 -0.123627173309448
0.00782666323855717 0.0431565816469515
-0.0130847297480946 0.00974681018278921
-9.7213225739618e-05 0.00283807366304285
-0.0207919729866562 -0.00911237971654961
0.0593740198807524 0.0334395983683423
0.0101211278120875 -0.0344508021820384
-0.0223035581561792 -0.127701310653884
-0.0551901786518033 0.0336408230760698
-0.0207800892804194 -0.0228740889111149
0.210747982633929 0.0214179337292573
-0.0129471724786264 0.0189188831910781
-0.0331031913815823 -0.0126162193125927
0.00943788562586817 0.063036673487918
-0.000746493932410381 -0.023907507255469
-0.0202255322001378 -0.0139951764753705
-0.00178013940458798 -0.0267132966769066
0.0463423181516835 -0.00562762941719741
-0.0302280297553096 0.000781109338369683
0.01806404910263 0.015534670780013
0.0715552955757606 0.00381391557967902
-0.0210387654259005 0.0173505051423305
0.137921798370838 0.0105047049687848
-0.00458340438554942 -0.0270221680206266
-0.0416468150534637 -0.0135805926941382
0.0262840248574009 -0.0298365606531823
-0.0283640619082062 0.0147524764742023
0.0270449387512227 0.00410842617698818
-0.020993597533735 0.0204808649173877
-0.00817669802479993 0.0115484783513484
-0.0184174967779538 -0.0104806235359624
0.0188344899709938 0.0427297307589078
-0.0219142180408395 -0.0153408790376058
0.0423441372346684 -0.0902423365408079
-0.0124473642373247 0.0367082405824439
-0.0146359607002146 -0.120692455952171
0.013607354952881 -0.12807513099196
0.00329894197183902 -0.006993653702753
0.200540649187605 0.0265273952064546
0.0282608301129751 -0.021303839552001
0.0302192055166246 0.0604898703728521
-0.0243531660296307 0.011619786127903
-0.00746725740263875 -0.0591162840585152
-0.0224021017252738 -0.0357324260547684
0.0212178626789103 0.0293844978688023
-0.0387563665031523 0.00329704059564671
0.0323224334994742 0.037828477291562
-0.0551410637985269 0.0277028421374467
-0.0120355927407284 -0.125940250482468
-0.0268808350112754 -0.0527738571666979
-0.0410419203521041 0.0608553109989911
0.00638048820982161 0.0486563628428094
-0.0396043304592934 0.0252625430180428
0.0118873747341671 0.0504134398295399
0.0642650882427755 0.0318611203562278
-0.0527486993313204 0.0414211063078343
-0.0256519743570557 -0.0150574322987278
-0.0223386038965641 -0.0027358453229527
1.84688673919932e-05 0.00773069960504755
-0.0304837037691317 -0.0196205636042703
0.0334245661444648 0.0127786121199084
-0.00726642918549224 -0.0169965343414163
0.0221697357502552 0.0469536803545352
-0.0448367913851671 0.04552093623453
0.156282793862128 0.000681418355202724
-0.0753956713339319 0.0413069061666422
0.0242178816797492 -0.0207077880296813
-0.0341421013665758 -0.00649346430456003
-0.0221616679955048 -0.00875650519516672
-0.0589198926034892 0.0278254867760596
0.020097377138111 0.0158326326927937
-0.0334137756036391 0.00876918913986804
0.184840521691175 -0.0203967320672591
-0.0418467328216691 0.0172843424962583
-0.014257650383297 0.0182610265990435
-0.0357839924697256 0.0466593379066733
0.00985210918621887 0.0129243164566304
-0.00656323277530889 0.0146102955640505
-0.0170403058555942 -0.00311717487129127
0.125012907461501 0.0201188631224572
0.01983606707356 -0.0880566388191608
-0.0160843480820529 -0.135538006355598
-0.0149989094517933 0.0112944768335572
-0.0382300531990571 0.0120866738986572
-0.0288693786246836 -0.00483263622577962
0.0269513775758597 0.055195273142904
-0.0220361985637821 0.0431883490199598
0.0234789074820156 0.0551780818981657
-0.00712036166630333 0.0354196722063151
0.0109065401688313 0.0224193794444217
0.139008114595116 -0.010786249264314
-0.0102841125356196 -0.0177480133969123
-0.0378723426298333 0.0173068660011485
0.0301653773689994 0.00533657970350343
0.0303832837253572 0.0277373961835273
-0.101687186015526 0.0609148621156279
-0.0608633957805706 0.0372588067447544
0.0110411594536149 0.0505590536478068
-0.0249057628005473 -0.0228075235274752
-0.0453505432991113 -0.0106496158474938
0.0208812822026295 -0.083098146192054
0.0338493700821912 -0.0208245837483163
0.000191980742742632 0.0127477934290258
-0.00742066994229557 -0.00448904809923827
0.0460058558297564 0.0306451196306118
-0.034945256111144 0.0276203524420385
-0.0106830164761408 0.00963094598187259
-0.0088012244801237 0.0493651324572006
-0.0369093282259693 -0.00607976074178637
-0.0446979157791584 0.0133019369214055
0.069199500571014 0.0373052006808487
-0.0162187371030718 -0.0281073575996883
0.200186306948168 0.018727127726879
0.0277825482617135 -0.0169388752619311
-0.00452552183416483 -0.0122203085347904
0.00563581726735526 -0.106660335539609
0.00905772670739353 0.0507661678382789
-0.0216348801750669 -0.00145188569845939
0.0293609258159965 0.0404580412420122
0.0360107209799859 0.0140430376958158
-0.0141475527958536 0.0450777241686781
0.0578886444689887 0.0133773206291017
-0.0447714738490523 -0.00896135297540111
-0.00697890951093515 -0.0270009672405969
0.0149789706946163 0.0143754994477443
0.00433170252944082 -0.0425544220974467
0.036492365046157 0.0367814463902073
-0.0425083166685625 0.0222308727505103
0.0466924129471423 0.0214800361728976
-0.0142832259528192 -0.0203238665767105
-0.0151783038969624 -0.191405921497508
-0.0353085534814403 0.0212279548445657
0.0118823826492802 0.0152962206197892
-0.05349239751497 0.0268174945451493
-0.0132258156102334 0.0207075078295656
-0.0321560191397677 0.0497675232511512
0.0476402248879503 -0.0174799863749727
-0.0510939716124714 0.0502046995773532
-0.0231420889977347 -0.00575359815598328
0.046648756564618 0.0334816311017505
0.0483177600150596 0.0522527802905768
-0.0447145692877776 0.0166195803586607
-0.0197882833979843 -0.00247346146284041
0.0488405995958044 -0.0608336774238484
-0.0526199091293559 0.0133122853680012
-0.00790368693157349 -0.0421656042336037
-0.0176905826153 0.00901767983514423
0.0271762053180145 0.0188453534299704
-0.0231309851520092 0.0631207275755728
0.0110700493737754 -0.00354250542898697
0.0395739463391144 -0.0203931601255568
-0.0420418131336096 -0.145358473444268
0.00354661514038288 0.0434537372408806
0.0356524804782112 -0.0544262448553611
0.000496542457642835 -0.0586156015050368
-0.0127161336619264 -0.100319094004603
-0.0253458667571939 0.0171247640497739
-0.00935374347141535 0.0110736230379289
-0.0202828603228699 -0.00440262664258316
-0.00834978070588144 0.0344530247742955
-0.0281054221418459 -0.0452838512320343
-0.0251527239347601 0.0349266484210822
0.0821498437324229 0.0346449202170292
-0.0329167605511667 0.000888713615879505
0.0214607780979413 -0.0164321027093343
0.00680828994057326 0.0380643038906949
-0.0355431400007064 -0.0592856202955031
0.0130174250245972 0.0380162252513963
-0.00777501368350306 -0.192630669769429
0.00061034936841251 -0.0441425880952066
-0.00702623464853879 0.0610937979648869
0.0122274129982707 -0.0759264412058024
6.40344469708205e-05 0.0351805532367338
0.0345331051122376 0.0651275212210664
-0.0237386299950456 -0.00573333868769654
-0.0182849305864522 0.00706925432948247
-0.0490631416462078 0.0531475598513214
-0.0420825818382775 -0.0911272246124415
-0.00841104189087247 -0.0203628826290665
-0.0131132069828297 0.0121821844662299
0.0345562111713475 0.0315644880607999
0.00636115370176121 0.00885428594053209
-0.0346538583109346 0.0338978118561164
-0.0147828293988644 -0.00674067015368642
0.00762945202061562 0.0051615069267074
0.00264274718294031 -0.198662626257396
-0.00497478214734214 0.0476232142104388
0.0126498305558439 -0.0394271660855038
-0.0188840639900505 0.03883893246404
0.183497232101936 -0.01227588323398
0.0200001304145918 -0.0450537640323286
0.121354008360816 0.0165840711833595
0.0383093308879323 0.0641487488013664
-0.0411161076229827 0.0190975236939509
-0.00738067222842747 0.014218085574638
0.00724549281007577 -0.105087405977092
-0.0217251226206894 0.000501173711112493
0.0131523004670142 0.020146307092643
-6.05180045268942e-05 0.0552544067051314
0.166115489535782 0.022502563639308
0.0368688458264084 0.0240594295288923
0.0134910632073653 0.00443638182385986
-0.0775388613251399 0.0563281698964664
-0.0252377801629622 0.0474026196969821
-0.023976725937532 0.00277752164992771
0.0299776334912401 0.011449326828492
-0.0231090783886714 -0.00474894958171639
-0.0479572236329213 0.0276434239444577
0.0262791576933857 -0.0101413149875753
-0.000437411388190322 -0.0152212060377069
0.0233410728768509 0.0568460090111889
0.0250234687229978 -0.0144290994948534
-0.0152103029349298 0.0446649932595384
-0.0401528749506461 -0.00761655801468374
-0.041789392749929 0.0274175995582272
0.149145445465385 0.0124469436383596
0.198927344612149 0.0185798494657983
0.0211377303371382 0.0299224620633418
0.0169525214014284 -0.0811652386038123
-0.0396875100723218 0.0294641757765024
-0.0245247598858702 0.0101236612040524
0.0146418207457883 -0.0263756868182381
0.0113421482174961 0.0112385151573557
0.0365809941359707 -0.00650619518370947
-0.0228532554417954 0.0106546154281236
-0.00118732976154422 -0.0375437238162243
-0.021362639290161 -0.03424800456384
-0.00393539515038675 -0.0210622527556679
0.00233160477265087 -0.013790038145301
-0.000839563734265676 -0.0151948361330693
0.0374431594729668 0.043524570724338
-0.00869181926911284 0.0109153363543393
-0.021020404576247 -0.117619408956252
0.0269086032413107 -0.0278167714412165
0.0228011207971916 -0.00582624434210091
-0.0220554308414295 0.0283316491354364
-0.0109015036769146 -4.44511477678969e-05
-0.0193312616014264 0.0126352989401691
0.0250233141822059 -0.0177463592610503
-0.0405521731861656 0.0221233996873782
-0.0202150431574656 0.0339156300726951
-0.0211568136995726 -0.00288486862512518
0.153217629349387 0.0162219146858496
-0.0021403882934422 -0.0226351412061543
0.00801425225581971 0.0044049089585892
-0.00453640421732118 0.0408530455361237
0.0153640165066348 0.0564364225661193
0.00996556334940991 0.0364552408403696
-0.0243158432702352 -0.0397652281210616
0.0526901090206754 0.00253331187861529
-0.0393157699556186 -0.00257235383828165
-0.0278247937452831 -0.0057666253403007
0.00789718600730585 0.025776501652072
-0.0509419795929272 -0.0288243866561553
-0.0133603364156077 -0.0258644404993179
0.0241407134334818 -0.0733548759676198
0.0315226236822232 0.0303979992953505
-0.0337979526418978 0.0193980211780355
-0.0747557902353119 0.0464526331392277
0.0617482424515662 0.0325903282249009
-0.0289076112644385 0.00835515919695063
0.0244281204842299 0.0263091511181389
-0.00915909157160593 -0.0546294683115586
-0.0376272731959499 0.0095063069509987
0.0262931730214864 0.0231004067098694
-0.0360202861601861 0.0151746351596201
0.0632144731291404 0.0230318983576277
-0.026671711135579 -0.00850774532986334
0.00686384003738136 -0.0053386606146514
-0.0543832561788745 0.00691308986931082
-0.0284839640592692 -0.000118140212054667
0.0541399705716424 0.0334173653717831
0.0264981615529697 -0.0115356046390921
-0.0325088629867172 0.012097158717353
-0.0975771877282938 0.0587501870380344
-0.00960316544542319 -0.0104908731924545
-0.00230829087593597 0.00649820631446485
-0.00742866559968636 -0.013237445256615
-0.0389510202023158 0.0103122677230966
-0.00151355225949438 -2.18297631699424e-06
0.0312134183720434 0.0485132427265005
-0.0357626054249066 0.00526696513124898
-0.0466927623699029 0.0436072819707747
0.0067791229495794 0.0183869636972447
-0.00717559793490927 0.0173044107639803
0.00971271370345693 0.00793338399851302
-0.0298788619536725 0.0310163178279809
-0.019767159671153 0.00519892343757064
-0.0329304782810331 0.00703718460491934
0.00467923810757744 0.0196971768746481
-0.0822907780439841 0.0563982546890943
0.0377548348879659 -0.0608564646747568
0.00780015817480507 -0.0393390362854707
0.00523304999550522 0.022306744517293
-0.0274901133208737 -0.0182449452674161
0.000846913674575579 -0.0922786259108479
-0.0394524077108673 0.0117758601429903
0.0304261859198645 0.0234993163368033
0.162758059740067 0.0242697589819821
-0.0930256620717336 0.0503009325733509
0.0022987638116178 -0.0324509771471413
0.0278994699177862 -0.0517548796640868
-0.029781461850329 0.00719673239170402
-0.0549995757962154 -0.0560974350610504
-0.0740639684594597 0.00638509808005273
0.0010844228816728 0.00941714181073973
-0.0230113955719048 -0.0205960848042263
0.0041809191389143 -0.0810708291225311
-0.000446120156057969 0.0375023308263126
0.00645782277754782 0.0252390838323235
-0.0110406693697622 -0.0011029228459625
-0.0120096891928872 0.0171221706542215
-0.0219672010161708 0.0259640263547479
0.00493633756773421 -0.029290542158582
-0.0140661680911225 0.0151445296951201
0.0153550480846564 0.0488794867958622
-0.0145276302354387 -0.200387144372398
0.0155155343826193 0.00651295709540029
-0.0287144817009608 -0.0317732710576275
0.0482611435433263 0.0225016551801792
-0.020177411171593 -0.0931880160777829
-0.00631433002107592 -0.0174369968411065
-0.0322223886069537 -0.0183650815394032
-0.0468680761389466 0.00170679818883325
-0.0230702812887552 -0.0148802494608238
-0.0160273569124047 0.0358508025912303
0.0538500246414678 0.029786799226033
-0.0498903511996434 0.0246926060064099
0.0336889265365996 0.0281368611932147
0.161506842642963 0.00862070242016047
0.0296930835818227 0.0445134083922254
-0.0232571389358094 0.00239211232315217
0.0371056419145842 0.0223735900042543
0.0495047618307746 -0.0337165309932827
-0.0468369416536364 0.0142393182622557
-0.0105679578171817 0.00807945787557071
-0.00202125021137725 0.0175227381471687
-0.040858268657237 0.000638849311621834
0.00214002665879303 -0.0195107383113339
-0.0290549423660741 0.00976432432845725
-0.00499937821555141 0.0183183338648025
-0.0618304176272756 0.0303763755518016
0.0126302873948784 0.0133733767521498
0.0205365889839529 0.019203963139048
0.0188932120787045 -0.0295087162781519
-0.0037459339662431 0.00159214931328696
-0.0295414100882016 -0.00620958820059388
-0.012495045083584 0.0307021135142452
-0.00877877777790781 0.00250713691643536
-0.0428348871257727 -0.00503544178630908
-0.00595119051764342 0.0175914647472322
-0.0374752893293517 0.00967411469167064
-0.0483241634857591 -0.034155318414682
-0.0388468868422747 0.0102615465062611
-0.0180350915532357 -0.0507151803255457
0.0438376037192901 0.0627544198720319
-0.0303583345650182 0.0242381259736756
-0.0790634843224059 0.056114272286686
0.00727845940928716 -0.0415763137637142
0.0134404660803064 0.0222360793407799
-0.0635554425545567 0.0501927348566666
-0.0283831231262278 0.0409200646272673
-0.00786534990344939 0.0451846127432243
-0.015879191886444 0.0243215819345306
0.0141245645312673 -0.020006900195472
-0.0456477800791599 0.0168328916013994
0.0143500588510363 -0.135208538765652
-0.020578517875079 0.0243658702392671
-0.0146493105069985 0.0538570026371127
-0.0155551564427233 0.0489907148397828
-0.0395547306602301 -0.0430550672269786
-0.00943842821190997 -0.0377632059727296
0.0486410989002708 -0.0171707678358999
0.153223405154676 0.00400544257806412
0.119113207995902 0.0223704689682197
-0.024351481159198 0.0340529050931105
-0.0303832014343468 -0.0183963648198293
-0.0248332370175597 0.0334161760202193
-0.0480845805992564 0.0507799638723956
0.0168757255492971 0.0224486068989791
-0.0214435761000027 0.0493934646966592
-0.0271022001884877 0.0160413448403935
-0.0330928500559112 0.0395042425637074
0.213793898879505 0.0175355555133077
0.111230201240115 0.00622110518297344
-0.0197053648462426 0.0164466473876049
-0.0212093319585154 -0.168773993780504
0.00706711653773971 0.0599401925531174
-0.0309996543262399 0.0583245567369525
-0.0384653102114862 -0.00904602021476287
-0.0331454169394427 0.0161608955353236
-0.0329137024913908 0.0130664104965042
0.0115736850596839 0.0113585414656719
0.0360623442708335 0.0266056253108532
-0.0559900994728841 0.00360954572177079
-0.0305343335052522 -0.180714855347629
0.0505427339359078 -0.0214964618477221
0.0162899534480002 0.00502261905295487
0.0121498123738443 -0.0657649128585878
-0.0248174085885476 0.0102110179136881
0.014158203455296 -0.00201606414498728
0.030325476691539 -0.0976882570535908
-0.0237368740855441 0.0260563075622903
-0.00192763144308943 0.0556709995658703
0.00728922242422336 0.0153091634109773
0.0174753187341118 -0.0178501700811009
0.148603192112391 -0.010524412641986
0.0143888116626085 0.0238068931667233
0.00993196606807414 -0.104520991093417
-0.00775795504065782 -0.0172101737640329
-0.0160598435140932 0.0161763128619923
0.01155507012743 0.0129821459260383
-0.0342289338828007 0.0384070285362805
0.0131034683482921 -0.112398231516186
-0.011335858296899 0.00108758193002063
-0.0229692302159797 -0.0201444140579903
0.0130661158725959 0.0241421079753257
-0.0357483435591877 -0.130346766078431
-0.00807169646293514 0.0220744628968788
-0.0211602795977837 0.0109509428183836
-0.0537094571944144 0.0416768230521406
-0.0525875188372261 0.0221746119654845
-0.0163993512870065 -0.00469246450433997
-0.0215297445565164 -0.042524902576956
-0.0871221555550116 0.0546959533907072
