-0.034643688117483 -0.0379228162180758 0.0733780873244174
-0.00209318510566731 -0.0187858010508357 0.0692043285208692
-0.061534977512886 0.07385738983329 0.0735569861742437
-0.0144236146143598 0.0372147894367736 -0.0423542724197965
-0.062626252746786 -0.101436105691475 0.00974347782714297
-0.0178226939669478 0.0724727429571093 0.0446921930692423
-0.099678822429779 -0.0183203850694114 -0.103628062351801
-0.0195660206281853 -0.0850010715843467 0.048900332253876
0.115879987153001 -0.0833365168062129 0.00483425123769668
0.105557766886761 0.0147515997978199 -0.0516671276226734
0.111800370666143 0.0220489515345411 -0.0410890666168083
0.0168615159048122 -0.00401310151509392 0.173765681601878
-0.0397767956548198 0.0848083459208285 0.0697443603928761
-0.0837995743801507 -0.119350020204174 0.0141952854148068
0.120212313134919 -0.0465944209339894 -0.0328409349068307
-0.0106090283892625 0.06682008330579 -0.0284257804406217
-0.0512086356855206 -0.111159702051971 -0.0335699753761691
-0.051659457519013 0.0754624784298212 0.0497099816897273
0.0214864683178115 0.0547508245560388 -0.044878838929576
-0.0215094812927095 0.0919533702048713 0.121094794810354
0.0028630562231201 0.0383498187478832 -0.108200100908078
-0.0420228256723554 0.0196539127284131 0.0382413931434905
-0.0466141899897719 0.0628693618510201 -0.0277230653837437
-0.0618591294256365 0.0625999926496482 0.0260742380969899
-0.0258393392205564 -0.0251891251267826 0.0651265441186863
-0.0196501062745986 0.012384418687165 -0.097893057106557
-0.00366116803046617 0.0909080822682177 0.0356104319846766
-0.00635202746824968 0.0848905927456224 0.000887096934984519
-0.05251240579632 0.0660736661196425 -0.00608064746533832
-0.0155041538096398 -0.0332217038161325 0.0272661329261294
-0.0652699277873445 -0.0532887301217447 0.0447954264528513
-0.0746793903386426 -0.00182099725806702 -0.0819067878022128
-0.0706596939372486 -0.125116653555838 -0.0139401758167797
-0.0388244715580091 -0.123679352211864 -0.0114549977423771
0.127360504757484 0.0396703654681279 -0.0738272698810785
-0.0598736458975869 0.00326406082075748 -0.101010759489245
-0.00588817390218186 -0.0968649449014739 0.01822060057599
-0.0475796123468346 -0.0694489381633262 -0.0347298197967801
-0.0162797927268354 -0.0817118946279046 -0.0224178712402045
-0.00316492078871536 0.0130195635951755 -0.0925966998503804
-0.0839570144103441 -0.139934834960001 -0.0102833260846125
0.125888672603015 -0.0143560536493167 0.119911005614114
-0.0428332415374483 0.00295986503404808 -0.106394839535644
-0.0171456939990562 0.0828210562976205 0.0436050820431174
-0.0304283339781807 0.0647952870315651 -0.0247335416447501
-0.0819033925849396 -0.116132577934969 -0.0335786226806811
-0.0588777082988275 0.0480113537222217 0.0175889364448359
0.106376958366223 -0.0763598934402566 0.000120457367654418
-0.0203039848290699 0.00210157139016719 -0.0987851188205878
0.0259089712247125 -0.0358074895473224 0.0618677891754651
0.132301392579325 -0.0618612310721642 0.0654566377162846
-0.0227970857954164 0.0674561749303287 0.0156003515883579
0.111294288854105 -0.0620451058115635 0.0101040730092167
-0.0309256231762998 -0.0294808228979602 0.0474502005733434
-0.0375907851872578 -0.0897146666733987 0.0456935972440349
-0.031325630361778 -0.0234239503099145 0.0824369452439734
-0.00820840300233436 -0.0298561108690674 0.0323183636306667
-0.107487171579669 -0.137118880248919 -0.0443725260168496
-0.0978993796064903 -0.0357869166269032 -0.0865599869656241
-0.0861087875589259 -0.0208230361134848 -0.0574841442150087
-0.0300810159874571 0.0800608328507937 -0.0126652832794088
0.00946500224924548 -0.00533632781888151 0.10851053839875
-0.0291394148403957 0.0142332673268022 -0.0163772827387062
-0.0433979668617049 0.0543215020541064 0.0326112746384421
-0.0919297331283608 -0.137947989458603 -0.031659991734728
-0.0319227251378298 -0.0265632758178376 0.0597766101574134
0.111594250367252 0.0180769484434812 -0.0556161920201363
0.123560090782824 -0.063243594822331 0.0680589725612622
0.0716468243951085 -0.0618134885964554 0.0801842575508739
0.0797760456281037 -0.0904609823572899 0.0543142616084401
0.0107396887786428 0.000285587158480085 0.122255773570398
-0.00616772851343136 -0.0195881416344437 0.11426474787772
-0.0894499527305982 -0.00423717655004302 -0.0261061465011056
-0.0300529349059613 0.066306448293826 0.0227084195375455
0.110266582255722 -0.069207023480339 0.0269513748793848
-0.0234351348048605 0.0790418451561978 0.0458596975804426
-0.061930011428114 -0.0259226052947702 0.0985523559953615
-0.0353726839846075 -0.0905442239062565 -0.00777964104863506
0.0114796472721849 0.00791453343124461 0.211166382316071
0.11963669200936 -0.0661732286925205 0.0284282026884917
0.101576930408622 0.0290066977675898 0.0172739211701102
-0.0358610366988252 0.00607911597040938 0.0254215183060358
-0.0657263466164626 -0.124114269857855 -0.00493963067243508
-0.0332437232163599 0.0427048448864436 -0.00138804798921814
0.113755965438919 -0.0826329360606677 0.0184655536188397
0.0864371799848722 0.0165665253050813 -0.0159128406476405
-0.0594610365184084 -0.0997243052307243 -0.0160585762804423
-0.0310613339932526 -0.0777909326542435 0.00555377258754191
-0.0201817426375095 -0.0975468289726528 -0.017290533207317
-0.0592665514404556 0.0542671723950847 0.0325252201978801
-0.0583684061556032 -0.113370950444461 -0.00153898094956044
-0.0472314875705335 0.0678277303002375 0.167791948034954
-0.0421858356939033 0.0596856889743009 0.0464137230780553
-0.0292535380961616 -0.0373655521099081 0.0181949510451206
0.111587146242664 -0.0789257891070761 0.0326825544455022
0.120499427689567 -0.0812317481376473 -0.00236321832762622
0.107821347035081 -0.0671138312507619 -0.0217127294251482
-0.00621566863304538 0.0744148418499635 -0.0212784025426798
-0.0788837943470399 -0.00824745930974706 -0.0806778475721479
0.12532530042878 -0.051024173074 -0.00520555355779813
-0.0332451235410054 -0.0376540580969494 0.0568105342647921
-0.0467720713130669 -0.0636924373479583 0.0574687503561851
-0.0955038781925188 -0.127289322577687 -0.030645634536907
-0.00301457472126584 0.0765964771346723 0.00853598459107152
-0.0146468654790475 0.0550265091971354 -0.0322525107114181
-0.0122599768540912 0.0635235005174171 0.015366771731373
0.115990236654545 0.031205311829864 -0.0469196330323766
-0.0272778993725516 -0.0397318832285869 0.112284846412462
-0.0276736842539557 -0.00796377550432123 0.117800585952428
0.127467390379495 -0.0612851495544581 0.00985660409222106
0.0199648104848672 0.0746320640385634 0.00118366997701678
-0.0273467706923695 0.066199087940092 -0.00606239878731721
-0.0192758389892205 0.0902004080041477 0.150058864921938
-0.0612330128091004 0.0524042619334548 0.00320709197855694
-0.0619676690545616 -0.0338086024913545 0.049883977186602
-0.0569497199849771 -0.00065147292287373 -0.0913885397269368
-0.0869762524239755 -0.119248644155963 -0.0263259750742242
-0.0394563094668666 -0.103571580862431 -0.0373824736710781
-0.0464276312398157 -0.0143865144801874 0.0753278790980881
-0.0676815708979441 -0.125742175660299 -0.0153062791644428
-0.0575411942042519 -0.0113433311935421 -0.0859240347253849
0.12506527922875 0.0702568821846427 -0.0149602835542636
-0.0015409879944158 0.0178579383808813 -0.073161057761295
-0.0186694421705677 -0.0399990904677643 0.0913375826071584
0.104970996416926 -0.0686717190632553 0.0091339016986621
-0.0102355251156958 0.0730986844310944 -0.00683451887813195
-0.0543313654680345 0.0442425570047317 -0.0438697859777537
-0.00629352325794216 -0.0109243349355863 0.00951018126712127
-0.0058969301805687 0.0397200168582339 -0.0551308050885709
-0.0335327156905002 0.0741243318716176 0.0142586288793215
-0.0387159948343098 -0.0863179704456606 -0.027082702392627
-0.0341727325228299 0.0148197629540081 -0.0906643835453416
0.108211627607045 -0.0660186754568668 -0.0189769646625556
0.104697330596673 0.0516605748361894 -0.0986731128885049
-0.00419246952050953 0.0597052481249291 -0.047553837298205
-0.0659816174762876 0.0573957415256431 0.00387012061951263
-0.0247574055690214 -0.0812224430656122 -0.0324684660201655
0.000632537819140045 0.0389643833053023 -0.0643267084757442
-0.0419951376668925 0.0586722306323041 0.0237706262120488
0.0866630022353516 -0.0439630930355422 -0.0447031561301716
-0.00142613237564331 0.0766509180488932 -0.0336609762617783
-0.00809703596811375 -0.0450182951069192 0.0236393607981842
0.122630989479367 0.0290583398664798 0.00634463050808602
0.100411258789113 0.0115501442370273 0.00203692764588706
-0.036310750847773 0.08040324197735 0.0360084555014031
-0.0157784127482411 -0.0222916652199713 0.0838852641136123
-0.0323131482069291 -0.0356366951851791 0.067319776529164
0.0286293167943447 0.0328716810060192 -0.0789982318727162
-0.0529865882055593 0.0180120148800681 -0.0565590144179881
0.0787444097749568 0.0453111042750218 0.0826348209313655
-0.00132579477494791 0.0678389430043916 0.0365712006757004
-0.0693834434196386 -0.0984404763298516 -0.018256630811567
-0.0324469081985552 0.0609993676437471 -0.0175462997109499
-0.00348368877167039 0.076589145217211 -0.0123938106743832
0.00336805304455228 0.0602317231135618 -0.0378003814152951
-0.0229892868945068 0.0689308060336153 0.0109750445531719
-0.0270493008201808 0.0449684963511134 0.0144188746907763
0.00630206698339304 0.088339977549999 0.0953958217933384
-0.0114295076828656 0.0657997069179481 -0.0251180592157205
-0.00393470953408409 0.0604576665116853 -0.0416712587004444
-0.0495012124205783 0.000468120590796688 -0.0947882406852361
0.00478790014300434 0.0278635904702402 -0.0829000449509496
-0.0144764443573531 -0.0151899166353165 0.0497855388817671
-0.036973659466653 0.068945467694906 0.0313678958167294
-0.0258098224896736 0.0757928801596267 -0.00178901271441092
0.0173202226770221 -0.0192046512589555 0.0736928249388795
0.0265979754718164 0.0648451863341844 -0.0543142194071181
0.00382190033978798 0.0579672448416751 -0.0282166086614634
-0.0574018917855258 0.061010727836714 0.0224945531059273
0.000577721690322717 0.0232879299922894 -0.0954953802078145
-0.0243632094605121 -0.0076971441130569 0.162150796858036
0.0386784202542921 -0.0790916812456534 -0.0132063114195868
-0.0214636344291398 0.0255931829913576 -0.0703451759556906
-0.0341646861144081 0.0655175200032022 -0.0186187483930382
-0.0179338858903491 -0.0351968259102272 0.0217387145534376
-0.0618300883101493 0.0549752664048614 -0.0295751201204436
-0.0333921009545765 -0.0177194360617264 -0.0659818215382964
0.0180668394838098 0.0184720754244064 -0.0943936116633443
-0.0233691252848603 0.0896748340541488 0.00497223332779697
-0.0595495168658324 -0.00819352031854207 -0.100400778576685
0.129658074958808 -0.0469304985965485 -0.0224281317332199
-0.00154413575668691 -0.0629905306773061 -0.0295480920872619
-0.0140644050753897 0.066570138526125 0.0053423843151312
0.0153474847397628 -0.00980655733590269 0.115116084049041
-0.0605241161045775 -0.0256402732585432 -0.0794885933693202
-0.0191217759569415 0.0555551108516729 0.03140119668617
-0.00473516753768921 -0.0455794643600341 0.0665293975315349
-0.0207907934125935 0.0805738790439846 0.0233109595031071
0.123598483223268 -0.0509297946196497 -0.00713912053078037
-0.0344610513018555 0.0336770498231021 -0.0449301383067053
-0.0703958557203591 -0.0448804480917418 0.0569087389435641
-0.0017437015608194 0.00442844239204478 -0.0882383299252348
-0.0229381775447958 -0.0847047921491529 -0.027989727185042
0.104195468371938 0.0408338114169005 -0.0667622375620906
-0.0790008024828468 0.0467011129860047 0.00423597934234644
0.026379309502777 0.0221577976390644 -0.0957610559468382
0.111575297096273 -0.0452469443590962 0.0208175139318385
-0.0207551465645576 0.0517880289984858 -0.0415739826912572
0.101379400869152 -0.0910317541871025 0.0101119626576665
-0.0141068408949381 0.090328772225091 0.0382516064584417
0.0258459905321493 -0.0779132900787012 -0.03305188012633
-0.0376127625555533 0.0251903733378012 -0.0435274763732665
0.000944263503931853 -0.0719217167908206 -0.0240786980403275
-0.0279721187705255 0.0707094340089049 -0.00257760257965094
0.0443247177927373 0.0618539026828827 -0.0568136964080714
0.0282356730492127 0.0326717452990154 -0.0890030096770696
0.118526634492437 0.0328932178228554 -0.0492013619221278
-0.0400880556034714 -0.047523299662253 0.019199717967056
0.0677947174433744 -0.0160027881133274 0.0659670921257251
0.0215994156813105 -0.0640120973398189 -0.00954511499222872
0.0948814625933423 0.055681352643028 0.0540723798439451
-0.062885541478098 -0.0881074162069555 -0.0246294861919857
-0.0125732714665836 -0.0151147960440146 0.0790455911207177
0.12641017367503 0.0525790320021552 -0.0933434796941028
0.0420673193634904 -0.0240701535282572 0.0468723555061634
0.11308599797 -0.0434810350362995 -0.0365850115880106
0.111694532822369 -0.0731665407678838 0.0385819836940808
-0.0768615195348589 -0.027261519684382 -0.0995572976436844
0.0513122991554969 0.0623866562166756 -0.00315901362837618
0.119287731546967 0.0527187735749161 -0.0962717293417676
-0.0274219339074742 0.00133628069029026 -0.0869035050793047
0.13644511998944 0.0464428629834421 -0.0272851019788739
0.00757179598922039 0.0672850040403706 0.00607216707009359
0.0386823066096405 -0.0744423064624704 -0.0286173016554652
-0.0326787382672159 0.0734275061567441 0.0217648283327422
0.117151146053426 -0.0358127209459872 -0.0243357675326818
0.0988346405041817 0.0492918319593982 -0.0343201840889678
0.028098924767637 -0.0715997199801228 -0.0207519169769029
0.0235473272166757 -0.0340849831657156 0.0138658172143012
0.0414276441208644 -0.0126677384452769 0.0801689879275039
-0.0457764992230474 -0.0783307439219428 -0.00273645438029697
-0.038266964284117 0.0717308327742038 -0.0246929697714655
-0.00894459123086172 0.0844853227066601 0.043213067441505
-0.00520975028878601 -0.0853461768937667 -0.0389185409638292
-0.0201460801004406 -0.0274760389306815 0.0865153148416214
0.106365259045485 0.0177020884257432 -0.0835829308494585
0.0259139096630449 -0.0107808396914079 0.109191975668434
-0.074095065987783 -0.0530140390885273 -0.0350632114275517
-0.0205854213785746 0.0834925693406163 0.0700030832730282
0.0011082123116417 0.0206554266285263 -0.0929630267423013
-0.0288577986924022 0.00666317127929145 -0.101977656092874
-0.0108398339801955 0.0602976152674682 -0.0408353672535594
-0.0368328442243184 0.0723623807282046 0.0379209911350379
-0.0594351986072237 0.000435146270138285 -0.0850412725254277
-0.0139029752454006 -0.078941329682593 -0.00821449456263362
0.00814473602707054 -0.0110305326260033 0.156909109862414
-0.0523768909523944 0.0630674951400122 0.0171989101971265
-0.0102782106728861 0.0618602841845166 -0.00579663095191431
-0.0458938008336058 0.0251307114919658 -0.0546593685893535
-0.0607196941177688 -0.0254623789489533 -0.0548931771032187
0.115491358472889 0.0361994029404149 -0.0698007389657088
-0.0343279649592422 0.0650892360635736 -0.0149354756964098
-0.0181605464966102 0.097676943700418 0.123483760249529
-0.0409972864383249 -0.0140664348411063 -0.0882052112682159
-0.0406692798234782 0.026387157409876 -0.0715939197580522
0.0297223501678603 0.100554054340496 0.122461941423376
-0.0374788578670802 0.0543635874321868 -0.0290568606415199
-0.0287018904404107 -0.0118495192840027 0.0835729247515904
0.029701768760592 -0.0583600524271052 0.0247920034798588
0.126563293435093 0.0534396480908031 -0.0933642290139333
-0.00487969773631739 0.0514026185486998 0.0147107066267484
-0.0284164697437431 0.0140294783197792 -0.0820553947639514
-0.0165813419371344 0.0787190024116726 0.00224245349600748
-0.010542721854626 -0.0316154148565613 0.0476118283019723
-0.0238196247754882 -0.0344838709479235 0.0245426307743692
0.119683472128382 0.0457585330393427 -0.0848704592569518
0.01340394585413 -0.00614358255787331 0.0780488716592133
