-0.0106202763226169 0.0492289903452194 0.038203300605197
-0.00496902129673774 0.0550771674823644 0.0366414103886875
-0.0391461056827906 0.0881229236095603 -0.0383024850682346
0.00254936768764105 0.00680937078426304 0.0335116849728586
-0.0567739435344341 -0.0920057517126942 -0.0573643544921079
-0.0232009679241018 0.0631510817140329 0.0371154759308556
-0.0733274025184633 -0.0919530900597799 -0.105597432096464
-0.0450556684396359 -0.0685313729856024 -0.0425383612822175
0.14038660826891 -0.0284068998718336 0.0233853284693196
0.118475067260029 -0.0420960790512749 -0.047940993530232
0.134409242483429 -0.0406693540661527 -0.0216388610204129
0.0172487292650754 0.0486564443036098 0.0296053299799999
-0.0407966584857785 0.0822391804684164 -0.0276592275840878
-0.0796543023638139 -0.0986254359666247 -0.0878751916299849
0.083889704877117 -0.0572898200027095 0.101261394445038
-0.00673822211844306 0.0709049506188751 0.047093873469303
-0.0368770744115794 -0.0694693730817116 -0.0402235905431339
-0.0523626787426936 0.0526433217051833 -0.00128101069015334
0.0176820896169062 0.0144376557347582 0.0633204325257128
-0.0191802974267364 0.0772105168825841 -0.0201825895662634
-0.0218635279169208 -0.0366871009082953 0.0119754027518843
-0.0316924936866105 -0.0593066917380801 -0.0364853893552824
-0.0322376669378012 0.0633485435157993 -0.00159818187701351
-0.0337108137615912 0.0536749312650312 -0.0261310508435098
-0.0253279904125891 0.069929754048314 0.0178672939225764
-0.0341109143068567 -0.0421921955262136 -0.0199426431589179
-0.0118767398199627 0.051123990163112 0.0432660431730216
-0.0224554074281191 0.0536581994979447 0.0291737622256501
-0.0518389105559052 0.0645081803430587 -0.0121295749921102
-0.0144535862107462 0.0377595928826321 0.015638787115362
-0.0375445242443564 0.0594875159913765 0.00701120609535698
-0.0781804343692102 -0.0792932148846801 -0.0958094926738324
-0.0477488233683249 -0.0650790338466376 -0.0339438747771334
-0.0327371200293339 -0.0608237142374786 -0.0321661274178913
0.0999876027174322 -0.0259794298492995 0.00770259720177798
-0.0423014055112171 -0.0369569934534245 -0.0507410809655276
-0.0304735179857672 -0.0549671193246388 -0.0252196776630231
-0.0629948129461677 -0.047602019940432 -0.0331878441273624
-0.0336196587173108 -0.0421813907131394 -0.000329264471186479
-0.00781351908579002 -0.0458287524096747 0.0328250931925162
-0.0444357960881244 -0.0528306751840079 -0.0447770538896759
0.0533350699771405 0.013949425050812 -0.0463746583874292
-0.0522953703764537 -0.0608775405393434 -0.0484857757082571
-0.0103678204617035 0.0868436395192891 0.012524156585698
-0.0201692724648351 0.0563382850507576 0.0353001135209844
-0.0618212951698469 -0.0820578554941283 -0.0806053769055684
-0.0371795892112903 0.0790020297885792 0.0269053700894142
0.166089801252544 -0.0206992493029824 -0.0480635314619193
-0.0270057905229383 -0.062366784567429 0.0078181748022102
0.0228246447151472 -0.0216659792163249 0.0654640469037564
0.13328365597897 -0.0332153614944958 -0.0498411776245844
-0.0208068820598268 0.0501964428506114 0.0102022623469987
0.13114731974782 -0.0512637719486088 0.0146127803145624
-0.0170637908742633 0.0482666348747703 0.0146953753171971
-0.0472685042140713 -0.067052708053148 -0.043320665647091
-0.0313916055691518 0.0463788050853838 0.00352712904940519
-0.00988191751392173 0.0307590328728528 -0.00667179996689206
-0.0492997919654429 -0.0933783400009218 -0.10380977160691
-0.0861117672543916 -0.113786807766567 -0.126561106201308
-0.0626653837495038 -0.10246771787131 -0.0855719733103154
-0.0371650938076034 0.0695462025491296 -0.00475272874545147
0.00199215011716389 0.0859174062759072 0.0504581724179932
-0.0511823475367828 -0.0754998221470718 -0.0854895205347488
-0.0346783004373024 0.0581663007228414 -0.00959219115548838
-0.0688893454467834 -0.0970649841589293 -0.0843241276910476
-0.044734769063121 0.0579188492414115 -0.0160300503752105
0.152277282455383 -0.0369650911325902 -0.0307021172304483
0.123833550311592 -0.0302564773610355 -0.0383701824792187
0.139634077068529 0.017119539501137 -0.154016644871042
0.150602104993537 -0.00223806130670493 -0.085338486342916
-0.00335862783713515 0.051773138245403 -0.0101284412228513
-0.0148496772157681 0.0813183753500549 0.0118760623893688
-0.0705470843406001 -0.0946529492103892 -0.114956476517526
-0.0190657355257322 0.0609451709383936 -0.00430686234826352
0.142040299298997 -0.0113081645834523 -0.0310215263718299
-0.011397336508444 0.0967164092556657 -0.00118544114865375
-0.0541027258297114 0.0565122380059402 -0.0143249789545145
-0.0472819374111041 -0.0619106602868068 -0.0302202537156942
-0.000959104721584546 0.0631918402428813 -0.0203637755754784
0.145025875483519 -0.0206357785558913 -0.0122470521877537
0.122058467108983 -0.0285471818597127 -0.0341024344853736
-0.0370610718992346 0.0597611421966184 0.0240496636319962
-0.0635115242344575 -0.098360667698466 -0.0877495453402677
-0.0197946966810958 0.0323158906741271 0.010798940922129
0.150936557764933 -0.0306514616222035 -0.0178486233790009
0.117385770851822 -0.0374589274012741 -0.017464971445857
-0.0604989508185389 -0.0613049232165018 -0.0460174535455168
-0.0122865884013321 0.0157652233414775 0.00610420175680723
-0.0164725654347864 -0.0615013903795783 0.000478490188360394
-0.0361989123375735 0.0505677854601189 -0.00492539120706426
-0.0401443831175607 -0.0754358659463312 -0.0433653019605281
-0.0162833025534591 0.0457010504822578 0.00929970576579796
-0.050701626190451 0.0132855211109233 0.00658206755219052
-0.0200451451397412 0.0181151761407028 0.0272089986102998
0.15392152059778 -0.0394132135110632 -0.025590033878967
0.133335108193186 -0.0498758137274643 0.0085146404735885
0.0915845685572214 -0.0577782843577218 0.0720515980713471
-0.00407209005278052 0.0417218285253018 0.0454319437419594
-0.0651791531861087 -0.0823278433766333 -0.0725243834518359
0.160581702509401 -0.00671824565939987 -0.0700910365153764
-0.0235777210928151 0.0521508398057835 0.0193763173810793
-0.0229825965471778 0.0462892923730156 0.0216150867920675
-0.0651193002109188 -0.114246688183274 -0.0854961441390841
-0.00456285540789153 0.0556957337774149 0.03843119002458
-0.00248184523230693 0.0618893862092955 0.0470426448857536
-0.021531567740974 0.0690948482779048 0.0152369103806461
0.124536106901753 -1.2108778450557e-05 -0.0288042871930716
-0.0288209171888374 0.0724077912337407 0.0122037090097699
-0.0440440960659446 0.0509238762132885 -0.00832598625138226
0.156184007071371 -0.0268816716858767 -0.0404181941549098
0.0132053438588032 0.0545036057245486 0.0192873507241645
-0.0264687945051101 0.0593463786544266 0.0511867666614118
-0.0420437206950478 0.16525556341674 -0.0795661751415426
-0.0327655951598739 -0.000846330937951192 -0.002038673661284
-0.0468927274204906 0.0439173281223879 -0.000977663085314227
-0.0516216000747608 -0.0525727823986343 -0.0359787225154369
-0.0747888664943479 -0.0491567814556854 -0.101635063995599
-0.0326818514262282 -0.0726280988638608 -0.00469139202916062
-0.0325890454525797 0.0705956022033846 0.00426402493045426
-0.069865566964307 -0.103060299969695 -0.0794413573246184
-0.0358029311241042 -0.0824349824932795 -0.0293899060639535
0.0672770057166966 -0.0228316197634461 0.0546781448088053
-0.00719760832941328 -0.061081174260029 0.0136817635576034
-0.00747481035516454 0.0582012872615129 0.0167377335716958
0.122535327216623 -0.0432967667589759 0.0374222051787462
-0.0116492789777741 0.0359420878822756 0.0478040422152191
-0.0378479985053386 0.0372521198584242 0.0124061893740565
-0.00465905061558617 0.0622393948551636 0.015280568288364
-0.0270065211620254 -0.0248257441607861 -0.0180989751887737
-0.0408242846743297 0.0640278357301882 0.0131863879134917
-0.0352246093553746 -0.0544416523229214 -0.0134457539119048
-0.0333114985621558 -0.0702747019548186 -0.0100364838521255
0.0849985829379233 -0.0632860920838984 0.0729398060018439
0.0701657211347268 -0.0293367364811654 0.063567621167069
-0.0211041480596134 0.0340034145784796 0.026401031173526
-0.0621682904168981 0.0881641216451529 -0.0290659490128293
-0.0319275239636186 -0.0326893629816887 -0.0246847218863545
-0.00297333633640357 -0.042396259744061 0.0431549107620403
-0.0281493399185995 0.0618955048042507 0.0173727811405757
0.0572932742250638 -0.0523572197292975 0.0796096728581765
-0.00790100254459994 0.0452870016417404 0.0481842074965368
-0.0228565195108035 0.0380547437546666 0.0120593588001544
0.148189319486458 -0.023293773077143 -0.096052110258461
0.123051287539661 -0.0359564135292122 -0.0224334384651781
-0.0434879861219528 0.0456974231573272 0.0167874852303149
-0.0174267730185346 0.0396466737702303 0.0233367209650956
-0.0187277825539904 0.0132036368702601 0.0170778464458917
0.0138061672025512 -0.0754149366614946 0.0621044947474974
-0.055565998976064 -0.0619899917064482 -0.0373493970768238
0.0384606615748645 0.107059120725604 -0.105818256421372
-0.00237924949516932 0.0309817578866448 0.0546662756951093
-0.0560772671074772 -0.0815722084383818 -0.0455710611149994
-0.0352223472387227 0.0498055401654531 0.0203379685521531
0.0057567617376891 0.0685451502958001 0.0314156305778523
0.00658031879471026 -0.000886677864121504 0.0500505457713796
-0.0257170026074159 -0.018252329369832 0.008958679257792
-0.0236326620243984 0.0294606046307968 -0.0173007268977696
0.0164718641582668 0.0718632590303108 -0.0150484593925114
-0.00243046354793628 0.0622309870518794 0.0418928597249522
-0.000617428540833869 0.03890449280032 0.0574893126699155
-0.0446694683081274 -0.0569232454504698 -0.0339654420252069
-0.0139281172486647 -0.0720428367753873 0.0363000770663485
-0.0117921930532938 0.0630522763071291 0.0408891074700143
-0.033727033147559 0.0620623803443523 -0.0205521950920695
-0.0145761555743056 0.0490032818509104 0.0613869305565246
0.0118915736311944 0.048529504241513 0.0658598241825863
0.0172935582131439 0.000568260945821434 0.074038254026787
0.00664573567126354 -0.00436852236928018 0.0589501104626054
-0.0659614434733914 0.0919047256884619 -0.0308498577510205
-0.00975610026549439 -0.0533207286144173 0.0305734214949814
-3.00366460545635e-05 0.0404823391092941 -0.0173033841641387
0.0325859045824112 -0.0535949260235653 0.0637959901576698
-0.0200715461000854 -0.0376911780759991 -0.00125026700908127
-0.0363654630404674 0.0786819420800496 0.00777984240172004
-0.0191693219808682 0.00756555495073772 0.0390123724854242
-0.0291738616986061 0.082707273011577 0.0034813154766939
-0.024378558313117 -0.0891411759220508 -0.0436510714949031
0.000522673700698024 -0.0582224588525446 0.0596712617541129
-0.0338506567221261 0.0840237366492166 0.0308815680676652
-0.0598662851386212 -0.0848209834832132 -0.05656170705747
0.097644325244428 -0.0242872036107821 0.0685044747642893
-0.0171635668665564 -0.0129769771645727 0.0229086030353794
-0.0135803007526463 0.00383411937020038 0.0243261286491494
0.00921307610800246 0.0788313328302675 0.0430467335660815
-0.0493305277861206 -0.0877117304606941 -0.0520636705086431
-0.00827379322346477 -0.0129643270813234 0.0283522440267701
-0.0200507670093108 0.0153472410994794 0.0431607699531387
-0.0195212881312239 0.0477607602025253 0.0182004086849945
0.0832556200669827 -0.0408344725234168 0.0578364410916078
-0.053931434029441 -0.0361213390488329 -0.0136714094425907
-0.0459803770016587 0.0547216247312389 -0.0171826580987267
0.00117836667932889 -0.0778745249994647 0.0506718583061548
-0.022514607950312 -0.0564224642188213 0.00260600094080243
0.104330741795855 -0.0261750587155942 0.0552418059006283
-0.0618351575731266 0.0807572247151858 -0.0107182289665034
0.00801464521436819 -0.0515825184163496 0.0505152960740148
0.112836833810589 -0.0156440918794835 0.0216782070601777
-0.0170245841460965 0.0534120938457321 0.0288214567414753
0.1565423582863 -0.032794377622903 -0.0498998746131367
-0.0154814620474066 0.0584363167799202 0.0104559019921788
0.00592577279257635 -0.0693389702801575 0.0460182389676429
-0.0551028717739297 -0.0484156968531331 -0.0442387307302434
-0.00133886522147009 -0.0509668661666466 0.0252324763785236
-0.0350532418892847 0.0668695422332274 0.0353341786840216
0.0335196395219911 -0.0171344113186614 0.0782756111171571
0.0169878276378401 -0.0423511645439933 0.0680290711086639
0.11487368328314 -0.00344462134997221 -0.0369976570608273
-0.0310851874301581 0.0251344122231453 0.0300521339281875
0.0396855060989948 -0.00726890465009102 0.0834434189284628
0.0145370599179134 -0.0418132009832046 0.0538197535759691
0.111368593114569 0.0239201989331784 -0.102642221912099
-0.0674646325530921 -0.0556199268766247 -0.0500017512467225
-0.0100972353158993 0.0679617541744034 0.0170178631586947
0.0891071887198119 -0.0303761873634648 0.0657836033960217
0.0371295041528279 0.00914868963911192 0.0560279444534398
0.075538344304577 -0.0467498780612225 0.083353488749148
0.150225555046623 -0.0342620129763251 -0.0439401195440946
-0.0504566828326789 -0.0843259758181168 -0.0684492368955644
0.0450405739965589 0.0394882939020981 0.0464647353897658
0.0661326529252664 -0.0498230228594848 0.0676600841458758
-0.0188919934649939 -0.05589517380336 0.0197638370068021
0.129898194992886 -0.020719156902592 -0.0314005047480113
0.0145088987326572 0.0406326247285704 0.0485670093681894
0.0217455699262332 -0.0537371044198076 0.0643711689234701
-0.0292045507532215 0.0594412504050166 0.0173449505372414
0.0768048122515169 -0.0603382735932902 0.0932202390603764
0.0791631677909941 0.0119800937579252 0.0087496044441072
0.0184711685513911 -0.0550186609503879 0.0670462165600835
0.0193025241572717 0.0433967694775023 0.0496791965239359
0.0202086101246038 0.0221940027038184 0.0625725978958747
-0.0447296012857554 -0.0687357160166605 -0.0723220340054148
-0.0209262269407168 0.0318131878818078 0.0121219793448177
-0.0230412856149879 0.0469113872267107 0.038817399659416
-0.016782757611617 -0.0281443764292167 0.00197067204324008
-0.0156416546714791 0.0429420208051774 0.037853011798021
0.0981686343383734 -0.0422788917955694 0.00374094125752355
0.0105918476835656 0.0476065316981101 0.0660472505292396
-0.0839880482108968 -0.0982931823653292 -0.10552705749342
-0.0110473205005911 0.0825709263292946 -0.00371645710671618
-0.0112070206452438 -0.0630027515748216 0.0347306346445948
-0.0333033168999264 -0.074693877224256 -0.0135647116794344
-0.0104963775369672 0.0233509113171339 0.0454307568008549
-0.03564451844068 0.0532762452286433 -0.00275393136007254
-0.0755938210049752 -0.109087208303157 -0.0611389545719036
-0.0219504326896485 -0.0553888132261418 0.0200126353537238
-0.00820286310398516 0.0544883728391423 0.0182142885190033
-0.0471959193787556 0.0787621092486699 -0.0156008575707577
-0.0283484438722016 0.036582861569794 -6.80433449748625e-05
-0.061199654400516 -0.0555970216242593 -0.0495111799893148
-0.0514808454101597 -0.0822898899864586 -0.0771871206122344
0.115618338307667 -0.0363258228584701 0.0254182431024978
-0.0229246822004874 0.0665277025556106 0.0472403564668857
-0.0498552978715417 0.0833617211169078 -0.00977440185156427
-0.0404813946190762 -0.0767150208425229 -0.0321678738536108
-0.041976977402289 -0.0389283910420812 -0.00688240678742969
0.0396552385916706 0.0698229113272981 -0.0154222503272093
-0.0324988907186917 0.0391239779069614 0.00603675171682033
-0.0350801779217696 0.0626185351680612 0.0140909721167419
0.0370847179161363 -0.0357245443724196 0.0255017387049158
0.0837566890510441 -0.0296337141120816 0.0361337494887233
-0.0101875994898529 0.0174261334936786 0.0232185635064967
-0.0370096800120164 -0.0713990477317775 -0.0103634030815504
-0.00494636542000328 0.0534745294579606 0.0280656964132233
-0.00533284708481809 0.0289770351861812 0.0300937577889762
-0.0152364756521964 0.0234892931522256 0.0259687632185822
0.186252562064271 0.338492705202105 -0.653770915182503
-0.00963832177577148 0.0219222014661197 0.0518169516286338
