-0.0668244238074593 -0.0557641643424728 -0.0118467804034325
-0.0570714022294787 -0.0385270349368556 -0.019952449982363
-0.038778187755326 -0.069820790916706 -0.0285149832039978
-0.0478198547843983 -0.0462292074461777 -0.0098322842120437
0.115288867508644 0.0184040510547359 -0.0622304348461137
-0.0428742590826699 -0.0233407219643867 -0.0253914818127849
0.104940816027969 -0.0340769596392376 -0.0569033442176139
0.0925820712945063 -0.0282014375897892 -0.0418622961082354
0.0286283900981415 0.00764568156855849 0.123685305154153
0.0251886602366222 -0.0461396069430055 0.099757371646617
0.0640270098707453 -0.0378122985586754 0.163309851261079
-0.0282818536743392 -0.0207991925501781 0.0247758092712851
-0.0505760394442657 -0.0950298425925064 -0.0188157055228527
0.166242981910676 -0.00535278413669315 -0.0779770482957855
-0.0542751778381739 0.146423989520775 0.062027753461526
-0.0657579563098452 -0.0634274952828052 -0.012876546290027
0.0790375925332546 0.00225386826906118 -0.0486188069193912
-0.0254427085271173 -0.0599576163310213 -0.0373330119558267
-0.0439452857455658 0.0188141702378872 0.00907966141225682
-0.0145115722207271 -0.0406710268922579 -0.0240855172483618
0.0271257461450018 0.0701328317811028 -0.0366417583207409
0.0358173745637707 -0.0144125435766576 -0.0391889397067488
-0.0306188159067125 -0.0754141015966624 -0.0355269439541649
-0.000466700968180146 -0.0409036748459032 -0.0378764927929644
-0.0253919922659784 -0.0149380991374046 -0.0272240285331039
0.0350812482294665 -0.00167235819513254 -0.0467468599115861
-0.0446640308623197 0.0115450313844268 -0.020539362179945
-0.0502735493447044 -0.0377295420931473 -0.0293688770747297
-0.0448903656858839 -0.0740836478735864 -0.0377334229006864
-0.0109868604542721 0.00173789511997071 -0.0360394143121349
-0.0328155292061319 -0.0379051173882596 -0.0252056735044751
0.135479171252577 0.00340345696997897 -0.0694503185550961
0.0504895345633557 0.0450300497499196 -0.0446276835075994
0.0486783168822371 0.0348504963684363 -0.0376126281915736
0.0225988265445706 0.0290878392406768 0.0852800578418494
0.0617866710503414 -0.01734181612166 -0.0539085111963097
0.0578647720295965 0.00397093964240585 -0.0504171439549821
0.0839625051113648 0.0217708313639857 -0.0589344719919986
0.0244959222148556 0.0329855405387928 -0.0385157156679608
-0.0152311576748723 0.0307837125212681 -0.0151080341649241
0.0717253393174356 0.0440433200213065 -0.040399447532826
0.0451943665460084 -0.0423995622944956 0.0211149072586218
0.0437712564550618 -0.0304285339271832 -0.0433270317940905
-0.0601661639939656 -0.0781885858845891 -0.0139748660154302
-0.0460403161365662 -0.0212893932959157 -0.0316325593963479
0.145069997987443 -0.00445927754697494 -0.0685824564814642
-0.0570741655025404 -0.0883436017084405 -0.0142260750012696
0.070227929891673 -0.0438296849523795 0.174188339704404
0.000448933119303856 0.0851699060721521 -0.0243143731062339
-0.0528071648506751 0.109778127073342 0.00542391516113558
0.0681675542845315 -0.0388833325073608 0.132561048929348
-0.0495108312308082 -0.0297164937581538 -0.0292758946763882
0.059876164486813 -0.0271726189122277 0.164712481059672
-0.0316528629254182 -0.0668741701894404 -0.00984501357849048
0.0985716502282823 -0.011820413565549 -0.0628936632015728
-0.0359185582788386 -0.0631627188290459 -0.0293804555750201
-0.0183258909798179 -0.0616397931263551 0.0197047256239365
0.134851771596354 -0.0157442290579288 -0.0618426134687885
0.166989906892015 -0.0122239259762199 -0.0710852992516552
0.138195006874676 -0.025343972579567 -0.0588365314625088
-0.0558734234941719 -0.0497358667584293 -0.0310063158786337
-0.0311214308138953 -0.0664525065482931 0.0176529474004661
0.0906594910329138 -0.0196385280395535 -0.0607394651906574
-0.0456521067358998 -0.0760989383313839 -0.0352309709271039
0.151259638898294 0.0096813971634417 -0.0699783277369736
-0.0436638408878523 -0.0847812527354643 -0.0348763206127345
0.0581093578554406 -0.0445201197655177 0.158720606200146
0.0450786871547668 -0.0291519314785862 0.10428179602172
0.041434393620377 -0.0387724666064327 0.118526879244474
0.066063341469959 -0.0511464599326747 0.169084435416559
-0.0389816268066389 -0.060534793426289 -0.0093438226395707
-0.0466337906036341 -0.0428372440813056 -0.0125206987465299
0.15442790319969 0.00186979142922263 -0.0670374395695902
-0.0270280794448576 -0.0475078358407294 -0.0260633487897695
0.0583026561449521 -0.0462318107915499 0.161027833291962
-0.00870773504321795 -0.0595118907725605 0.0650087738052397
0.029678739474467 -0.00918404103239656 -0.0461042250624836
0.0382650634908177 0.0565559445364875 -0.0406322572106713
-0.0287155951144919 -0.028164590663615 0.00517035924633807
0.0616992444363106 -0.0365782024948122 0.168174586424788
0.0644870015429738 -0.0454711666383772 0.154291825824345
-0.056716945906062 -0.0774276051050466 -0.0310760883879124
0.158201097545698 -0.0105221235622016 -0.074073250623315
-0.0232453517818007 -0.0272849375776321 -0.0351089790351875
0.0536361846009852 -0.0381082747261247 0.151495483099078
-0.000283281002173463 0.057466163571289 0.0827890446880427
0.100351118779702 0.0247257739460393 -0.0622663755215375
-0.0119616888339039 0.0309778988439056 -0.0267596815411816
0.00778928386247841 0.0807008893358516 -0.0280954664829161
-0.0604541727888831 -0.0855936719912519 -0.0206082409603807
0.0742542040905727 0.0648616052378359 -0.046423741370712
-0.0444613951023781 -0.0346731067266581 -0.0107857635838149
-0.0420820294005986 -0.0861328649789023 -0.0197972787577972
-0.0193819549050047 0.0774280994944752 -0.0170739386896285
0.0632634049447579 -0.0408791858722306 0.164542446791217
0.044560586551449 -0.0154491543507441 0.143668114785256
-0.0417102576443893 0.128700594995729 0.0645779707903583
-0.0747553829812678 -0.0283858938031626 -0.021049148458238
0.110509873565166 0.0389284754387521 -0.0629033985813803
0.0638373209358891 -0.0452814921322048 0.166699406942004
-0.0399114613633375 0.000583100582905695 -0.0319528637656104
-0.0428970382814991 -0.00559005200111256 -0.0221432268744645
0.14928194121526 0.0138896246998993 -0.0675041955714527
-0.042085228163941 -0.0211792327838257 -0.00567285281143105
-0.0556289292659079 -0.0527546342841808 0.00352376911683976
-0.0413294396768432 0.00889027657508478 -0.0178831361215911
0.0418924909806577 -0.0181319361042511 0.130200334057104
-0.0424525893136633 -0.0425528069869751 -0.019345520873377
-0.0300196871009907 -0.0766352350568474 -0.0326182166879591
0.0534191643799593 -0.0429752749157647 0.140921762853901
-0.0628993194661194 -0.0438521167104245 -0.0197355990895443
-0.0709612953006057 -0.0586591225687153 -0.0242675732411021
0.00950899280528287 -0.0598259725975512 -0.0238568397605419
-0.0164095741388957 -0.00512447906151921 -0.033995699660726
-0.00352368717867533 0.000332195970124791 -0.0396608936008409
0.0862556024247849 0.0169782223611333 -0.0566096386921057
0.113803492579785 -0.0307657521155548 -0.0572354289454018
0.0461962593756685 0.00258503409251402 -0.0413329061065067
-0.0443641251612268 -0.073068229923341 -0.0278508033758155
0.162146322289121 0.00273359252593219 -0.0773684320013749
0.0275714409797112 0.0751800027040302 -0.0265652505285839
-0.00938291767377162 0.0344561806084374 0.0626673184679337
0.0121118942331056 0.0451539182567557 -0.023829425157379
-0.0338890635006114 0.00126356249349947 -0.0233886466502451
0.037240024199938 -0.0113368612106783 0.135061121339657
-0.0509148961377514 0.0322669276157802 -0.0198099046570715
-0.0139784095634614 -0.0324857130778898 -0.0420008861001842
-0.057378280365327 -0.0764233417854092 -0.0267078906677428
0.0125753195788323 -0.0119088966893602 -0.0403631562946718
-0.0262159766056551 -0.0220234741203388 -0.0377461972236498
0.0364489302918888 0.0461194768321457 -0.0393762766452017
0.0278051681321 0.0756487921470576 -0.0358684899949331
-0.0298354139915373 0.115300020648201 0.0612801320529928
-0.0521961370972226 0.14512990704351 0.0546534083542008
-0.0481823105360819 -0.0221782635605425 -0.0292806837622651
-0.0584317122267463 -0.101216966808264 -0.0330736140855631
0.0297659820709066 0.0193854949420543 -0.0426083945931718
-0.0412719846072157 0.0547524688155682 -0.00895418778635884
-0.0674189477733294 -0.0526216670216266 -0.0280312812685823
-0.0539871314301147 0.150309155962497 0.0504720434149299
-0.0686655231862837 -0.0292884987591791 -0.0161841410144977
-0.00917769811507226 -0.00695221944531585 -0.0283602561747473
0.0569293395695258 -0.0482170879572381 0.148514858017845
0.0509874810938624 -0.0208187660123192 0.141646531582901
-0.0461840286521752 -0.0833267721675216 -0.0299979138081562
-0.0555528201311695 -0.0459571356766702 -0.018333187043127
-0.0502384990010969 -0.00157170570170456 -0.0220645502562323
-0.0481919085380896 0.117857925186192 0.0103196616970161
0.0829064626655081 -0.0184885906581308 -0.0616070899146691
0.0213906958975903 -0.055182590405616 0.0884935049383804
-0.0503013818595285 0.0836436016119459 -0.00428312675372464
0.124218406658643 0.0112313552145175 -0.0643465724450712
-0.0658796940817977 -0.0635759439031547 -0.0298937547123961
-0.0684888180950217 -0.0706127639526853 -0.00800311921501616
-0.0375614925845756 0.0947390256148328 -0.00510585327578836
-0.0263719691524749 0.0714754214455241 -0.0153827831310514
-0.015770456325088 0.0313734367985892 -0.017363911879063
-0.0203000635245606 -0.0507917131051197 0.00165594127662591
-0.0283785909440245 -0.0282926198883533 -0.0130590177469735
-0.0798315902218606 -0.0149391928572165 -0.0152305295066929
0.0662638754239976 0.0582551977286883 -0.0437716950705323
-0.025705369012553 0.0979213352922206 -0.014692004254492
-0.073530805119653 -0.0372242462583232 -0.0226137932441391
-0.0350203063970993 -0.0557024823877135 -0.0370511006834588
-0.0686565467505213 -0.0392296030808263 -0.0237811650305014
-0.0526165431975828 -0.0177166905810835 0.00471978362996808
-0.0646591660649891 0.0294555006830937 -0.00810309590739805
-0.0534916739993437 0.107227098331283 0.00309502409720726
-0.0482968048932573 -0.0926867681687966 -0.0335391263442824
-0.0339810503403803 0.104106799711477 -0.0122061358650409
0.0037542371502309 -0.0631855769404893 -0.0186005510270849
-0.05287030400764 0.125475153499192 0.0158303598846885
-0.00471759394638875 -0.0119111087079391 -0.0276981104280086
-0.0690891378397802 -0.0840989101203642 -0.034766639155827
-0.0226031191552065 0.0903835489052299 -0.0151324478085899
-0.07756005466116 -0.0727204420708939 -0.0272583787889996
0.0489134596523992 -0.0327357554051206 -0.0315093117299491
-0.0504699540592063 0.0725936273794954 0.000740232617931512
-0.0754506351412579 -0.055596583845384 -0.0306341129822465
0.102625708222423 -0.00483797024087209 -0.0658567516587991
-0.0148453076104774 -0.00423497802985288 0.0825666635383146
-0.0187646675844293 0.077924717984959 -0.0238262586763113
-0.028866119310403 -0.0449631694639787 -0.0292124055936888
-0.0594732170285319 -0.0464444466551567 0.0091102769584762
0.123408212018395 0.0397483750976168 -0.0617676717535308
-0.0418492745264257 0.0919118985402458 3.44999292714993e-05
-0.0492522069575986 -0.00603900006614428 -0.0207826918344335
-0.0232962531483218 -0.0256958970486795 -0.0305894777590465
-0.00047608887780662 -0.010680486338925 0.0943499698545684
0.0451845133192776 -0.00722115837378983 -0.0506742133507934
-0.0224037196630371 -0.0783920647420779 -0.0197670999651613
-0.0385240460503517 0.127729158436953 0.00269449262758922
0.00307109611997959 0.101281040684498 -0.0221724828997311
0.0101303859288068 0.00654185058909521 0.0950662761588357
-0.0523433762531548 -0.100493445733878 -0.0390443904651173
-0.046057505300088 0.126752160438644 0.00335582728713969
0.0355477025085214 -0.0276366861340322 0.127895039006562
-0.0791664379039134 -0.0607300851018492 -0.0271233957603926
0.0641642559488393 -0.0435809486890745 0.170558558253168
-0.0605838102115739 -0.048742289920745 -0.0144650936960352
-0.0393039675769332 0.13186918663583 0.00592380498325159
0.0889845276677131 0.0392217932637408 -0.0578097032840571
-0.0211479397863579 0.105023300424912 -0.0117348417415429
-0.0778771416030902 -0.0610999015799545 -0.0302989272155236
-0.062930889918536 0.121181600815754 0.00962446686075754
-0.059996499466351 0.126176921867972 0.00593814029964051
0.0381612512708347 -0.0357073662405014 0.132941663746046
-0.0324587713353299 0.0304735753594837 -0.0226455717953256
-0.0551868715824023 0.0992068086204008 0.0163486984263591
-0.0475173853381873 0.107128250885855 0.002158436222959
0.0516054306958539 -0.0488038371739972 0.132360763169812
0.130057884257227 0.0150038642125358 -0.0693003900619526
-0.0645834815508623 -0.0443865957121676 -0.0253748312468116
-0.0343939449052303 0.110407121058213 0.0549977262918985
-0.0410962507791936 0.101256665606868 0.0188571937782398
-0.0591986779510746 0.158833321030592 0.060771190005702
0.0641410134477002 -0.0335277875386921 0.165423807400279
0.0827810353479513 0.0166611764097676 -0.0487516007182721
-0.0167775052389592 -0.015099270975218 0.0528502354173171
-0.0507418541900749 0.143060135900835 0.0509229073764409
-0.0231258730220427 0.104440616283192 -0.0123582367773097
0.0559564855159294 -0.0273891455120489 0.149617694627152
-0.0748807094782906 -0.0075865955347524 -0.0124064319534006
-0.0578180933747062 0.145768066871336 0.021202718660281
-0.0582112971116937 -0.0740791694020797 -0.0223530158412388
-0.0593114954815513 0.155141184894212 0.0583687324385017
-0.00909176642372612 0.0606804237132625 0.0425236551291504
-0.045166839284081 0.101659895249946 0.0113662623124683
-0.0538257561619463 -0.004124645537065 -0.0139008390631738
-0.047507573387105 0.0882966025820139 0.0079243881153956
0.117664045788369 -0.00751602896427117 -0.059108909088809
-0.0208216583390961 0.054456698596999 -0.019516505745728
-0.0431591455776353 0.0145970268060149 -0.0162659302107503
0.03071925761381 0.0130303263362945 -0.0394464785633702
-0.0212377639935306 0.0544930838952765 -0.0178999859649347
0.0331681344203258 0.0131404365317585 0.0983022771512519
-0.0535850340608761 -0.00979042023243044 -0.00975098139294903
0.152647057727989 -0.0165280034046229 -0.068168510876779
-0.0478499479264929 -0.0616173008639284 -0.0084196035279164
-0.0413595021799674 0.0718271427049073 -0.0109710787458454
0.0073431112014531 0.0745504768408314 -0.0282568690748288
-0.0471138808562917 0.0582612468622467 -0.0151277078849987
-0.0405774596567823 -0.0769188882474447 -0.0349876803793469
0.126853620386415 -0.0190461962742595 -0.0661065405925959
-0.0188999542480844 0.0961850619757482 -0.017418401377608
-0.0427803106942796 0.0346873307431622 -0.0158041785846322
-0.0547175313323253 -0.0963452250554024 -0.0355794134178345
-0.0439692415980255 -0.0494949868063706 -0.027075903218617
0.107076652682709 0.0119793009806538 -0.0647006580171449
0.105508845449274 -0.00801113030573232 -0.0577340492906741
0.0404707250192413 -0.00624828673929966 0.129548633060757
-0.0579627884221658 -0.0827244768792884 -0.0145693202884575
-0.0361302755078033 -0.0723427316230951 -0.0207998651027017
0.0693186492464398 0.0502418901272536 -0.0505632496720197
0.0208824836118756 0.0387202870004433 -0.0394538824972874
-0.0107723657300793 -0.0693173269886122 0.0359035668046079
-0.0365846343383693 -0.0771171001360695 -0.0321653696737121
-0.0584459856793995 -0.0630269731641443 -0.0301911849334731
-0.0109795138626662 0.0406670759959403 0.0663394009261679
-0.0209587265722247 0.0811740295397245 0.0471269126058604
-0.0334262687025203 -0.0451990353691087 -0.0134362296666728
0.0224119955294166 0.0752951498250777 -0.02912793038209
-0.0475670669544631 -0.0620054991466621 -0.00987540650176794
-0.0269422955438214 0.00480331179634567 -0.00775089512592498
-0.0299194026458669 0.0754568295215736 -0.009318771841508
0.0114267722149919 -0.0131976470969938 0.0748791394691456
-0.0441599261905201 -0.0103605252203659 -0.0202707032410802
