-0.00838674758372056 0.119442272941358
-0.0955199501361516 0.0387878045622593
0.050546403389383 -0.119872780080484
0.0538476717042289 -0.0742501288480551
-0.131232800898276 0.117739632054509
-0.0369698454674121 0.046599519554834
0.0794526821885791 -0.124252480098676
0.0416710808284128 -0.109907863749873
-0.0656139672608594 0.0180798125758348
-0.16817513768361 0.0430232339566873
-0.117884518735775 -0.00248639348483568
-0.0561964541987451 -0.103148715313879
-0.160199973430449 0.0962263125081768
-0.050766848036555 0.0494525911574017
-0.0650909891439759 0.0800708554263709
-0.107531822923037 0.135112755038104
-0.064667618959321 -0.190105962068571
0.0569118331658203 -0.100533056914922
-0.130382188879986 0.00169177841481977
-0.186392542868129 0.0146742202404556
-0.145158823520524 0.0320495625034341
-0.122619822671912 0.0144407429950054
-0.185910823604359 -0.0371591851751754
-0.173859759080587 0.0906240648155987
-0.168678265657805 -0.0296915332111343
-0.081746388498506 -0.00139366186954556
-0.0237311963181834 -0.186554505521565
-0.0717489507153966 0.144389255660701
-0.156817668214293 0.104129848864438
0.0305585807849817 -0.144542241536026
-0.0765443805549798 0.0561156114302504
-0.0975593861691235 0.126229697523785
0.0775926428639881 -0.124694098623253
0.0660124121515283 0.000867300280710945
-0.0236830778633847 -0.0337478989436485
-0.0245747959035451 -0.0776007909647479
-0.0114079207077273 -0.0469586515931248
0.00251613889205883 -0.00430950555424506
0.00970513626451467 0.00796137318860144
0.0771193969686551 0.069094048022048
-0.000904230125520233 0.0328282620318466
-0.0731214524790411 -0.108530212887745
-0.0621539751183997 -0.0158189512051595
-0.0228829522651874 0.0549369837685345
0.0289254714269895 0.0112830842735548
-0.0975952324329308 -0.052002309628514
0.00758108724931484 -0.0749899558653909
0.0819738465573964 -0.025055078811017
-0.0656895084364138 -0.0132241860825118
-0.0599893280933626 -0.0141834438907308
-0.00105381350843629 0.0147418346592721
0.0815779918100211 0.00789035183588539
0.0540322250291356 0.0137267683380945
-0.0370076053412906 -0.0112038436860643
0.0796755334197454 0.101035988464096
0.0511444987955992 -0.0201289466267752
0.0712475392014024 -0.00721629652628753
0.0701758162506051 -0.0287808332523599
0.0123505885411962 -0.0323112769285026
-0.164367154072432 0.0235242833377998
0.11033110451317 -0.0146796565919515
0.0113085412676201 0.10967916636126
-0.0653329960419197 0.00537839879918601
-0.00138976823468175 -0.132240925290218
0.0320343682236831 -0.140776376161807
0.0564953116989235 0.0167106353234551
0.0903471983001591 0.0724247677510432
-0.00294910881080677 -0.013136099721499
0.0532633534571611 -0.0179844182266015
0.0736686107072551 0.0785368125430132
-0.017480729107773 -0.014419795610142
-0.00340703082895269 -0.0436633255684268
-0.0269678146596547 -0.0154554192865129
0.105959332983177 0.0307022973675241
0.0515102982396354 0.0944930745163789
0.0989085886831094 0.0448327998774771
0.00953940462639443 0.00130077427548018
-0.0555456341652391 -0.0208368996219866
-0.00304797585099632 -0.0963826976666843
-0.0070548140226441 0.0462819354843786
0.0190923772396858 0.00119589969396425
0.0974041700571449 -0.00151707964585376
0.0694795537354494 -0.0406945783527654
0.0165770400503486 -0.0984077957641979
-0.00442207175971527 -0.026426230859772
-0.0640028726215245 -0.108171539180643
-0.00231675857072826 -0.0667624897801702
0.071637730612563 -0.0142169686756407
0.0120481023488771 -0.0645939134458834
-0.0436071663053195 0.0448542418468831
0.0502821145132207 0.00600869211648038
0.055845468981873 0.0718578202754027
-0.00263738893250092 -0.0214430536932353
-0.0151571180499372 0.0188828712815413
-0.0349860587345953 -0.136719431513389
0.0931670292524422 0.0102113308633045
0.0727945734489848 0.0953167539329357
-0.0355249036152659 -0.0896054374599516
0.023014952281256 -0.0439716078034982
0.00446491386919307 0.040842947256347
-0.0132713513352675 0.0243858288867386
0.0259279354636869 -0.0106675241071963
0.0227527412870014 0.0902379765048547
0.037830992993523 0.0114652579486099
0.0803035979417017 0.0517411562031048
0.0717583531416868 -0.0399449381476593
-0.00592286752566831 0.0234041784823651
0.0261902706308688 -0.0271078246205562
-0.0274397401824663 0.0462332314195464
-0.0607869544817499 0.0657847134683467
-0.026858987634582 0.00784164224252695
0.0532925126117514 0.0198230615471134
-0.0336146870450135 0.135942855402861
-0.0779331684117609 -0.0572824367162936
-0.0381689847276359 -0.0124535906877686
0.00510525126002224 0.0517674008750368
-0.0664513541063466 -0.0581855290996162
-0.0897878567128837 -0.0636601469395423
-0.0776890745652596 0.0196888079077861
0.0966667835244199 0.0358297737199389
0.0379662972506183 0.138420743262089
0.0514473096402047 -0.0308514951228257
-0.0115243247966607 0.0297587204944302
0.0370321635821518 0.107073754924508
0.0216508412661888 -0.0379828782765623
0.0252185479644859 0.0258641960134252
0.035403853038645 0.0435398070769264
-0.0546489113622704 0.0085119904011728
0.0296700655101136 0.0811356542775596
0.0107452400646072 0.0263790969295869
-0.0405398234824716 0.0284542330539762
0.0531388970235527 0.0271762423750534
-0.0401569563362365 -0.0243873390608784
0.0539475113051434 -0.0499382928415518
0.0784125181986971 0.0173262488054287
0.0843017078242079 0.0622938027134853
0.029103291732085 0.0324764404949424
0.0273360203195625 0.0405506210674247
0.00321084695198714 -0.0675530560266572
0.086167417366265 0.041535099797036
0.053435548980311 -0.00996331479972861
0.0865191244480481 0.0834447580115376
0.122197300569102 -0.00402443781483884
-0.0959548683753832 -0.0657627034255739
-0.135662478874215 -0.0133939409303157
0.0471016363077294 0.00963708067507104
0.0362597231166209 -0.0307172772394188
0.0219367562849022 -0.0265559849497563
-0.0665313126274325 0.0729337524867923
0.122318576900469 -0.0501474297826388
-0.0261001713620581 0.0820179311667554
0.0105917685996356 0.0672457693614759
-0.114185900294652 0.0456331134640245
0.0470985323545006 0.0456244098187005
-0.0657941917263185 0.042188134781785
-0.0880565839704706 0.0869434562691239
0.0432213430541509 0.081219180565011
0.0655219176948252 0.0817811534671627
-0.0566521738344947 -0.062115318300625
-0.040063494186273 -0.0371300914835158
0.000982128210560093 0.0916846303742832
0.00225785587895991 -0.0293417021469076
0.00140559999993991 -0.103691710050217
0.0416021690565849 0.0347206150818647
0.0123245804768056 -0.0421843134916462
0.0559585242935961 0.0416452143567068
0.0158737529069821 0.066476116290439
-0.00261255506651189 0.0697759213938628
0.0468412870673922 0.103716667188508
0.125216452939499 -0.060426615587892
-0.040676073556679 0.00521549828489236
-0.0244810553614943 0.0476842097214661
0.0650206726802524 0.0094459916154082
0.0498288728916403 0.10400194484267
0.0034910807104478 -0.0475388211449824
0.0315216946973147 -0.0746324306905181
0.114157054404765 0.0853291828640341
0.0506883893558467 0.0565172717937761
0.0180771569741465 0.0560590095533634
0.0532875001744837 0.000106252133640405
-0.00143535496753735 0.0738273172180796
-0.0543235889670098 0.0185371590069887
-0.0262031178729845 0.0104673182424959
0.0220601619256944 -0.0432136307637596
-0.047576679827973 0.0454442855121767
-0.0314132002889695 -0.0493112144076269
0.068087031364843 0.123272769753799
-0.0219388886057135 -0.0908366128655105
-0.0851745570390749 -0.0877019856015075
-0.075136069485146 -0.103303406335773
-0.00591162985991639 -0.0498761438244906
0.0321092618100014 -0.149158833285451
-0.0177540435994453 0.0113473528536825
-0.0273452292959885 0.0314842489253807
0.0590254603128 -0.0282998108979022
0.0741313128604648 0.117019955412727
-0.0389005282889307 -0.0949262842462656
-0.0611491178939096 -0.0188807303854117
0.0322203993848709 -0.135561914072584
0.103905909682087 -0.0366422423941731
0.050831490825479 0.0450195513513252
0.0333897757139141 -0.00246079449579176
0.0936677396555187 0.0137459138014818
-0.0813535408250072 -0.117651954065114
-0.0373186775800856 0.0171994455665098
0.109165768861816 0.0295928362932374
0.0188705142711351 -0.000188912913321171
-0.0567823524009945 -0.00915178133783348
0.00850619544892191 -0.040324726039446
-0.0333708701924017 -0.133617552656903
-0.0390719624597308 -0.0645778481934251
0.0464590682630492 -0.0111293158085419
0.0399722490040022 -0.0523311159877396
-0.0267906375594122 0.00741265255551837
0.0435545561065146 0.00242334848909925
0.0099021266137823 0.103269680026874
0.123659359817766 -0.00733857853002096
-0.00757216471286207 -0.0575072782269198
0.0477365707840062 0.0166071320266172
0.0142618655730652 -0.0377511112151117
0.0811795796745106 0.0149405403326204
0.0771213047190516 -0.122960740917003
-0.00519214663392015 -0.0844761874004055
