-0.0116771862440886 -0.0908277890121566 0.00544997003127028 -0.143754825730515
0.0329296017219083 0.0127161153402797 -0.163557757353936 -0.0603993551303662
-0.0690157369836328 -0.19446544736823 0.0724070601401496 -0.199853783399806
-0.0617737785889595 -0.191121837938005 0.0708806190339552 -0.201304235397203
0.0529293295555909 -0.00822328861225302 -0.152154786904451 -0.0107276634947315
-0.031017847790451 -0.143831624908088 0.0300197511084296 -0.173026932106739
-0.0690514545148341 -0.196768908623648 0.0735624163826037 -0.200479384661955
-0.0779382898659345 -0.182320511661563 0.0580523779588968 -0.190935278024706
0.00757654400179161 -0.0405745609819315 -0.0510704559277108 -0.106977589775627
0.0213971373765654 -0.00446716770346137 -0.196294664316891 -0.0234001706845294
0.0233452231819263 -0.0165383231750401 -0.204083355951846 -0.0232399203991848
-0.112928239491066 -0.0013960392557186 0.0333603760428516 -0.0658405602255257
0.0291638701683859 -0.00817890015608676 -0.215034297528036 -0.021927522016061
0.0441080679620848 0.0180120065339513 -0.084798676250012 -0.0109442684246949
-0.00703954802366766 -0.056147693638163 -0.050767727515606 -0.110803828950709
0.033198722638242 0.0048317638012922 -0.176888731164429 -0.0413051392860451
-0.128630148235946 -0.0506453419653083 0.0289832711948365 -0.0961256290600891
-0.0714846007433917 -0.195670659919501 0.0723739819986725 -0.200001040804255
0.0327595877777277 0.00288682574795372 -0.204957985371464 -0.0466779357310584
0.0370175714354266 0.00817050475320807 -0.188720190183188 -0.0419892986474127
0.0263192083727189 -0.0175657040112098 -0.216503119255281 -0.0246793488142791
0.0294845289418035 -0.0166424671199577 -0.213762643417358 -0.0258510648832849
0.0243299365290137 -0.0129222054271079 -0.227550534202123 -0.0287921815001969
0.0133323779142406 -0.00951874516821095 -0.20310468661357 -0.0192629339481327
0.0212738194889529 -0.0140184576884329 -0.223847756089367 -0.0255442520039651
0.0385470304871789 0.00234972751933952 -0.165989358273454 -0.0559426968978599
-0.127085208547008 -0.072092133128467 0.0213982388154624 -0.108335692534199
0.041079473496654 0.0114343899305272 -0.157194616299939 -0.0532239798675569
0.0411468980690167 -0.00751837446546775 -0.219225519756817 -0.0329275753626695
-0.153825728250097 -0.01663586466346 0.0273084120790445 -0.0562981286381104
0.0282470118127566 0.000129511581400996 -0.0785518727091662 -0.0645542898368811
0.0695822750612648 0.0240286250534915 -0.0972056679499067 -0.0117350337685031
-0.0953445570421444 -0.171557832008494 0.0534543008119167 -0.178348530670192
0.042267371152195 -0.130619782327225 0.0315691229904927 0.0854054061085465
-0.0666097154984138 0.083236337636687 -0.0227263951978734 -0.0307752132302421
-0.00112123725496286 0.083435901069784 0.0345942483048428 -0.0145838575803542
-0.13617417983702 0.0629235834382665 0.0048228319199244 0.0255338488374049
-0.116651812396165 0.045439017389241 0.00271323609222902 0.0332658386702291
-0.0219772148618074 0.0143220785059626 0.0088642636805558 -0.0554063358503068
0.0418003815555325 0.0953088886471005 0.0431045515623519 0.0112399230621992
0.0195788200796885 0.0528709946401649 0.0372536478692372 0.0419538077278784
-0.00260214193489825 0.0359035474735783 0.0188476280684962 0.0264937822041149
-0.0381670475966624 -0.0353183425284342 0.00077971444154534 0.0607930081079485
0.0152441731224446 0.00406392237826327 -0.0949657155684106 -0.0116903762108318
0.0485870498455441 0.0774753095495426 0.0325282052866038 -0.0649536886552147
-0.0819281307768995 -0.00246008398945994 -0.040576243818489 0.0366127110457644
0.0670797805955172 -0.145076926361385 0.0346012769543931 0.0867947355724551
0.0845409399095874 0.0548610527012428 0.0586801977078677 -0.0925640991598383
0.051567121951585 -0.110506420145273 0.0184915992294977 0.0798524244417381
-0.00892227457442005 -0.0577803604367606 -0.030855072083581 0.0506814135620841
-0.10167567821469 0.0296831965692468 -0.0172923564075529 0.0181800350346261
0.026797903958248 0.00656683978977491 0.0401254132635943 0.0557959825975679
0.0420665767237673 0.056905040540525 0.0367783584573026 0.016963961536055
-0.0881484996042636 0.0135345631303824 -0.0164056446427069 0.039278806057462
0.0956466417059332 0.0806398147868594 0.0423465899382332 0.0123037097405025
0.0489658291396463 0.0398321805110235 0.0316198508301048 -0.0765345686347768
-0.0168006453505122 0.0640471306433853 0.0429474088018928 0.0064465216817186
0.0467350384126982 0.00915243329844761 0.0632494840710253 -0.13444824890787
0.0428081508080361 -0.134137305779515 0.0236836255508169 0.0828171349458103
-0.0345904314759912 -0.0117877949322693 -0.155067427090918 0.00662980578793937
-0.115766780058148 0.00838223254420108 0.017617900163404 0.0472056489617216
0.00174706166358443 0.0168158485572233 -0.00190659757590826 0.0404786042712469
-0.0416738232107993 -0.00615902549408658 -0.028235858141099 0.0430583250688716
-0.17710400942305 0.00777597030222449 0.0189461709228455 0.016233129056859
0.0349908113772408 -0.135558599933926 0.0367678985887507 0.0827274780013942
0.0421186222900544 0.0377463397365613 0.0457004287643671 0.0400433315441535
0.0868239442368451 0.0706137408384328 0.0482800759817448 -0.0143950743000482
-0.0186495250233392 -0.0682420542298248 0.0125706924172226 0.0655212373536697
0.0562510499168599 -0.13425850678061 0.0338144898755596 0.086956035615652
0.0708565908447534 0.0422203221763021 0.0333351604743029 0.0299635263800073
-0.00522313113614115 -0.00400129890249947 0.00300593174215648 0.0453163023868152
-0.0511696215518378 0.0625304235284549 0.0290129347184281 0.0209594926079465
0.0502012059461503 -0.121268583028666 0.00500479903289755 0.0793291694232246
0.0856033315024069 0.0656343703745904 0.0571489071205501 -0.0688594477933637
0.0204092591388416 -0.00985301754217677 0.0236332436633465 0.0564329084883557
0.0405782116229189 0.0350218502622487 0.0424249786126827 0.0472445156043298
0.0256006441031398 0.0691049478446457 0.0200458624773306 -0.0772366705201188
0.00225618117831529 0.0367424153770033 -0.00724732301276412 0.0167119556080961
-0.0353850006854733 0.071110300510684 0.0211145045619994 -0.00986143670029118
0.0664255181553472 -0.133496695878877 0.0239990524377632 0.0846046184460567
0.0337480012593158 -0.0361586761069776 0.0237552894532261 0.0592047892790836
0.0127007308168861 0.0474599081711004 0.04834331799818 0.00971761562233828
0.0758106238685246 0.0508625162794028 0.0491882943628858 -0.0458408095398311
0.0500182060806054 -0.145787477699755 0.0355344055530207 0.0838812057471084
0.0352324487580656 -0.116431615561911 0.0240357515867044 0.0801144040207543
-0.0254207334880235 -0.0198371144026511 0.013539583179162 0.0561451917716928
0.0635573054050276 -0.154163577777263 0.0324022779247212 0.0871350129554824
0.0578514158241927 0.0297304380296454 0.0578896373017198 -0.106408819800214
-0.0931531715229378 0.0634322013269293 0.0276318116306409 0.0197920871492688
-0.0246583441533174 0.053863245108818 -0.0360196879433178 -0.0109525997951401
-0.0161732091430635 0.0748813777330688 0.0434029728585985 0.0344275835468653
0.0899962458083798 0.0673121376890118 0.0337427480527421 0.00301530516820207
-0.113154793159104 -0.00401763331176886 0.0162304685162218 0.0488520262119388
0.0739341491648068 -0.0954829251737034 0.00303891744653933 0.0707623768546328
-0.14914463547712 0.0348253591901776 0.0180967126322597 0.034026164734251
0.0493339720221247 0.0606231819144155 0.0520049838748502 -0.083986192339063
0.0838658410547482 0.0695080081751245 0.0384351407227013 0.0191157849456279
-0.149080938971972 0.00600191078609858 0.00435436287102089 0.0454598874176454
-0.14155787645399 0.02166422361328 -0.00393225804196082 0.0346045483167286
0.0119704824174527 0.0362752412547641 0.00265873554129685 0.0163445714537171
-0.109303068324618 0.0204564750255171 0.00143474277085566 0.0486680480412147
-0.0313173446139714 0.0215854688684012 0.0306281477728742 0.00235681991909568
0.0271823587498602 0.0241978976568002 -0.0257221661948204 0.00311092120667893
0.062838441852624 -0.00534942106393745 0.0549209502709917 -0.132421683557056
0.0864318296118195 0.0644105933554114 0.054969192435119 -0.0753205388832803
0.067113947082377 0.0608927810850138 0.0520894536051221 -0.0464294537028464
0.025336085111559 -0.0983208286149144 0.0235857719720458 0.081506241124779
0.0551425624625737 0.0353832966864605 0.0539123468387538 -0.12045932683235
0.0473042704623009 -0.0626504526631651 -0.0158327533685271 0.0535192777415282
-0.0402792560145922 0.050680947524298 -0.00413974026388619 0.0360313487145969
0.0213926507559409 -0.0120649206471368 -0.00825583176893257 0.0461598825518824
-0.020269311663631 0.0387938728746488 0.00145894002788246 0.00175309229157716
0.0494995926793895 -0.018830719047468 -0.0572181097498324 0.0286134087767916
-0.121409894338156 -0.0129056875162045 -0.0146649996795298 0.0511093494356831
0.0451609116127277 -0.135758783548075 0.0178716799180452 0.082879418963296
0.0182572267750568 -0.0373571406674749 0.013267043176042 0.0614873171805939
-0.12798444330759 0.0389169284905521 -0.00860080572368321 0.0252211260575367
0.0571036943219668 -0.11292660631325 0.00585590171340063 0.0759991441469408
0.0547757972575565 -0.0920194226643637 -0.0479347253063618 0.0545774548520234
0.0772523507262208 0.0498704353701319 0.0410298069400266 0.0286835410401406
0.0671756425870577 0.0872924135854734 0.0416326295760448 0.00381691218972688
0.0451516894632636 -0.0206123523677651 0.0621307526460884 -0.143071907042627
-0.0650610375586838 0.0411936550321515 0.024138493345539 0.0503657334753698
0.016702663954185 0.041734915768332 0.0305480489380028 0.0354818163253857
-0.0817235260742522 0.0712850685389688 0.00856605589194517 -0.0199807861882578
0.0488591575710211 -0.00194746362152074 -0.00830593259579523 0.0400746123008431
0.0499090692868594 0.0180873294664498 0.0381609293191125 0.0463726128593612
-0.0685142075669324 0.0419325733834344 -0.0316313914419286 0.00721515726062588
0.0710865251437869 0.0301448917704892 0.0367410040527978 -0.099458341733886
-0.0469706934256734 0.0227892601474474 0.0290619846479299 0.0512130041229956
0.0340064848047104 0.0590959316126889 -0.027461361326337 -0.0822596930790136
0.0640008228964709 -0.019909123440528 0.03818049019396 0.0603598710566939
-0.0043572620062414 0.0518046169397812 -0.00429658556321476 -0.002869875101102
0.00109275433595756 -0.0926024489291564 0.0646287879555191 -0.1715334804442
0.0611098723957507 -0.0710948217760026 0.0442485598087639 0.0698878746823211
0.0872179740689607 0.0682664517894984 0.0437429407017411 0.0153657657322905
0.0350252677580224 0.0725087919668883 0.0447225551392201 -0.0688183600353088
-0.0193797800628495 0.0211578078108114 0.0306494715872855 0.050306618009035
0.0613072074268575 -0.11770923224451 0.0332688519120176 0.0845761638331459
-0.0499207291273348 -0.0186432324140626 0.00922695529121323 0.0586170396864728
0.057153010811608 -0.00046181254856221 0.0638425062684666 -0.138671089356304
0.077582142194176 -0.0398579617970829 0.0379872218173867 0.0629659877137492
0.0277126873797174 0.0277957403779059 0.0430611095168209 0.0275801343567515
-0.0715267009683829 -0.0243533556985461 -0.0697442346826846 0.0378801045092515
0.0396089287869858 -0.00327060768154874 -0.206098784833584 -0.0424446333672618
0.0681127380582849 0.0665845873968071 0.0308854183597007 0.0163603214267238
0.0267691387613094 0.0347409191434289 0.0323330765145195 0.0278573567314665
0.0123833623207574 -0.0708416073432714 0.030840577670291 0.0691329078701507
0.0630142357446348 -0.0585061721016054 -0.0420527516426589 0.0478583237029712
-0.014769413178259 0.0389215204651295 0.0289598219628704 0.0377763294696848
0.0642002723314567 0.00685705271400903 -0.012960548222387 0.0362997240136604
-0.0411934330216325 -0.01407971124776 0.0132906192269489 0.060811316218498
-0.00815484264804239 -0.0101948956051329 -0.183753415781264 -0.0155595800765843
0.0261607157500693 0.0132952942102646 0.0322338933830854 0.0460124011216506
0.0548274313044211 0.0682370045777325 -0.00503943593387169 0.00166289981350849
0.0319086719567014 0.0143282959451805 -0.0460489370091998 0.0237011994896997
0.0883668070049899 -0.0759300470039535 0.0250102749792598 0.0704803820208186
-0.00336095380569251 0.0756524462278973 0.0256312792859219 0.0041229989954874
-0.00188774561099737 0.0441649781525928 0.0226368843502559 0.0372714556974851
-0.02210953111237 0.0607544195848648 -0.0428150578666675 -0.0492677448294156
0.032539043251657 0.0455273515855647 0.00834080363290414 -0.0624528875028798
0.0393764784001232 -0.104382885240423 0.0229135246029754 0.0782060438743334
-0.161740352655333 0.0257634477226939 0.01840323375885 0.0310874337487489
0.0714413134699449 0.00575577742466334 0.0617861249604896 -0.130690349248925
-0.0860685261808833 0.0714745947958495 0.0211115906043749 -0.0422438109805922
0.0703569231837067 -0.00500626571456448 0.0609461684204976 -0.128035881417382
0.0479066138559084 0.0961572837875165 0.0408537333086497 0.0176148342112765
0.0845027716109572 0.0413131480787966 0.0406338223598787 -0.0886390773945207
0.100012941769397 0.0698445955194671 0.0541537287335035 -0.0423923293531518
-0.0913244700813693 0.0581587673834192 0.040041540983825 0.0405418932832404
-0.0462210897509833 0.0715917973035291 -0.0101505466866316 -0.0242662473548361
0.0200863192676979 0.0478465024749497 0.00421159666990576 0.0218089479468938
-0.0519848253173938 0.0780664678612687 0.0260019902018309 -0.0267697206717118
0.0798155246436557 -0.0878962163197396 0.0221410838262989 0.0701552362580355
0.0313350667242992 -0.1167923693581 0.0147822622435503 0.0791829572283845
0.0586064059527297 -0.0721661457010045 0.0321396302526881 0.0664124590326499
0.0968864649309845 0.0780823531634934 0.0475580632657006 0.00866480682789442
0.0825648653650161 0.0534147751512517 0.0574245775391927 -0.093102994386669
-0.0734673248087457 -0.00959677405688698 -0.0108423328341201 0.0507383194900354
0.0629310257790084 0.0582377662415165 0.0530147122268233 -0.108915636544066
0.0499233304660413 0.0561403871737966 0.0178998903354177 0.0154762641866274
-0.00407595210145673 -0.0141890062882918 -0.049638551518828 0.0355745193134621
-0.0802774470067193 -0.028856402352965 -0.00678640543005439 0.05940637823099
-0.00773660046190194 0.0166274302276004 0.032422256979502 0.0409312178588994
-0.0545978760983795 0.0367069818750907 -0.0176761753456289 0.0325580415486299
0.015651235616608 0.0709523845593912 0.0361602484350133 0.0233730602671471
0.0789607919551505 0.0551083590489551 0.0306857486288498 0.0289350621495834
0.00277591978867634 0.00388790359587605 0.0226692503918146 0.046246522073939
-0.108106520694581 -0.024100705869437 -0.0191738023594433 0.0509603068249492
-0.139277992336476 -0.0105091070398481 -0.0198477604995678 0.0437580292852917
-0.0901176592847538 0.0796970908079446 0.0168959854508026 -0.00727051409311061
-0.145246138692796 -0.00297767789111067 0.0361308705515594 0.00961410398089394
-0.0156273370607299 0.0778268955943355 -0.0115744837274107 -0.0609332553526172
0.0257198759169704 0.0624813218493037 0.00950474340629857 -0.026133832745874
0.0189900638986392 0.0909518496020328 0.0459270795808703 0.00737248255016107
0.112792637708156 0.081635075001316 0.0483204548900124 -0.0149306364167515
-0.122861698611156 0.00442078178743894 -0.0147643986522964 -0.0286748990806855
-0.0708033648051595 -0.0162955233509059 -0.019897702746953 0.0509568518774853
-0.0590561433068252 -0.030642912627777 0.0379837640895834 0.0289528680500655
-0.054903069464636 0.0572844190951673 0.0420212877520569 0.046866997818148
0.0366896644785712 0.0907723240854747 0.04197867771734 0.0246153706051252
0.0727120490155686 0.0538573574345812 0.0298301112412235 0.0247012833681027
-0.0422466229641673 -0.00100639226368334 0.0180368934508787 0.0531222479264384
-0.155499307659005 0.0168574447721354 -0.0242980783246344 0.0280305560728955
0.0288086976884691 0.00429494003554072 -0.0263583651955383 0.0285377722285123
0.0308825507012891 0.0190273349503256 0.0424993180978682 0.0322742696841733
-0.0355383806968567 0.0595750455505274 0.0382197541550749 0.042983525198781
0.051402399432661 0.0442945128306745 0.0125964609740347 -0.104933155101353
0.0341137590524076 -0.0395791300985503 0.029060178064994 0.0619338191119312
-0.159746280585401 0.00760474449309305 -0.0224503824329286 0.0348358176193148
-0.00156147805538366 -0.0714878770070869 0.0122604031444604 0.0719052658981236
0.0361470721059798 -0.0178103450547271 0.0425468772262208 0.0544193991848562
-0.0792394508242642 0.018534630424262 0.0387936843905855 0.00712613405000185
-0.123333519351655 0.0603102228490189 0.00589285343678649 0.0237565224963905
0.0215326506504812 0.0116785024055702 0.0238765154070787 0.020139446649405
0.0253354104229442 0.0660757684353884 0.0141619082696567 0.0213996963054682
0.00217462118699013 -0.0809017394000581 0.0597552425498924 -0.147061512231243
-0.107324312035072 0.061029392950905 -0.000929868701765284 0.00913764837432558
-0.0195380977860241 0.0121536125027754 0.0358788650889391 0.0472469215576539
0.069399001636619 -0.143769180465997 0.035232420019056 0.0887999669763201
0.00985769539747504 0.0831480533381947 0.0420063970035727 0.0112285844074599
-0.14182595918009 0.0196566999745616 0.0377812262917473 0.0157583768453959
0.033068129211466 -0.103194009504831 0.0379709526525624 0.0716757978390695
