-0.133122819787025 0.0763688767935074 -0.0190272945838493 0.0546667008336016
-0.0730846996533511 0.145209056194677 0.0122137988612945 0.00586660797552945
-0.218760360102583 -0.0608138427413359 0.0463853136093999 0.263855439892346
-0.209757320309738 -0.0444468839188538 0.0381034949018771 0.235281339108762
0.0197437842574319 0.153549900595968 -0.0123334518152634 0.050907057935409
-0.166809253917134 0.0272620370429865 -0.00303010438358353 0.145243156716595
-0.225428034889209 -0.0817001159653734 0.0448800636526353 0.289314450625561
-0.227296641378862 -0.0483194845120318 0.0283999403605292 0.229890378668992
-0.0892448046150183 0.115245668307737 0.0200505429912516 -0.0163533159660205
0.00434955831409687 0.140976137061409 -0.0239187944912229 0.0130648293007484
0.0363418502778478 0.164666975135319 0.0455448696392521 0.0555355310093797
-0.0691507963057092 0.0197483682450132 0.228580661631811 -0.148948256177434
0.015888216809498 0.173077204767849 -0.00434245514246577 0.00893627380625131
0.0111511786682812 0.157956930012102 0.0564040961081676 0.0175519926521259
-0.0743221574014184 0.1248385687378 0.0241836812174803 -0.0259783103724151
-0.0367302594904005 0.151737520867076 -0.0383765602842871 -0.00741177076373058
-0.107054277142367 0.0122504211556794 0.379082019054511 -0.157719360677497
-0.222475143786325 -0.0783431854862956 0.0374656090024132 0.273627550367606
-0.0554407491181065 0.152701787717981 0.00340632436737107 -0.00595857690285103
-0.0237842682100355 0.19267490688825 0.00849660501007666 -0.00067260024926625
0.0264180711873396 0.205384254644248 0.0398623742137108 0.0377258030769336
0.0241092744593048 0.180116836638434 0.0368729272001477 0.0388253516710237
0.0044366271795096 0.198307567090078 0.0185401761478674 0.00412723121015148
0.0100437455763179 0.17505593425122 -0.0281041431515421 0.0219091666165955
0.0152713681779029 0.19049793640424 0.0373293652962253 0.0121363723297953
-0.0766025755733038 0.15277580964165 0.0356436945421178 0.0316506828890169
-0.117090684980255 0.0562217351316902 0.410765348819651 -0.162206067474144
-0.0635668073694892 0.132635980182714 -0.0317889896533405 0.000526714546172492
-0.0128441096350077 0.178087989228908 -0.0113243262735602 0.00522916816292882
-0.0626411826250196 -0.000378579639109308 0.348144668113157 -0.147283888799973
-0.0286146278370114 0.146910482182022 0.0206853643418668 -0.0312969367134895
-0.00463366901160003 0.117440798247029 -0.0323459824968851 0.00693209868100713
-0.208071879879151 -0.0918004231305183 0.221480674473696 0.109055430185572
0.0816608972624567 -0.0514121295060262 0.0217635643562883 0.0870256009495543
-0.0444401489060142 -0.00550558378499318 -0.0520522097613524 -0.077175981957746
-0.0306411575216056 -0.0467898060250854 -0.0354284500444596 -0.0640345882452356
-0.00494764651128667 -0.0431361214286707 -0.074732551842564 -0.0885383522322918
0.00288473698499982 -0.0250213735243531 -0.0535985912808449 -0.04356029990714
-0.0207385982191273 0.0210843578828221 0.0444934030489709 -0.10011269821467
-0.0177715449982891 -0.0489027273627677 -0.062539861142137 -0.0317339328409701
0.0435241878017818 -0.0172696366368587 0.00171101616787589 -0.0156613731868829
0.0145533954971104 -0.0210961132667972 0.0165276293015819 -0.0178001786568816
0.0683600437034357 -0.0124058396405099 0.0114518430935471 0.0950472579201529
-0.00630347665139795 0.0861841323658822 0.00424318755012649 -0.0176204220403495
-0.0574811157900501 -0.0161200649682855 -0.028557955430622 -0.0524290378006837
0.0470323231799345 0.012108775527862 -0.00941750875770887 -0.0123994058547541
0.062563251097037 -0.0446720653780189 0.0795703594859041 0.128456384501266
-0.0716448210388312 -0.0474221602477957 -0.0440580528768125 -0.0569189393952227
0.0968486833689104 -0.0183077816449422 0.0127103120938313 0.0955212713852983
0.0403768336256216 0.0238260547677534 0.0454053193449633 0.035046866931004
0.014014798876048 -0.00223003171795092 -0.0113964369443318 -0.0470087710255675
0.0614230707540195 -0.0680102983787104 0.00203602821570984 -0.00388362363643171
0.00455582864736114 -0.0194467955748581 -0.0523337296099336 -0.00236700806644773
0.0418543003690858 -0.0153189567938757 -0.0181706288050194 -0.0264249732294499
-0.00980399346465298 -0.00885655433517872 -0.0545312667809419 -0.0201866673823744
-0.0656143268382571 -0.0100994233801849 -0.0443379034132008 -0.061188841742415
-0.0197177818824752 -0.0281224883935805 -0.0654021373512775 -0.00506006861252614
-0.129112570712149 -0.0533227614368773 -0.0526242629960096 0.0171148263022373
0.0669905932339269 -0.0480413053015938 0.0345976212525137 0.0614255090255099
0.0566902554476011 0.122982100285629 0.00190297170357103 0.0410942884653233
0.0600882861494147 -0.097254317565949 0.0615635027703577 -0.0174674670864574
0.0445348894976463 0.0399061969967476 -0.00222010753018236 0.0126853236342348
0.0318254171616391 0.0417410953896893 -0.00429804027125008 0.0107991825374502
0.0257654089944392 -0.0792803174329689 0.0735268771397557 0.0293186791577298
0.0791634272066969 -0.104764486754934 0.0586395244737976 0.106684157774612
0.0311717733443898 -0.050218005226695 -0.0135653424384482 -0.0109123076660474
-0.0271400363544842 -0.0296683984199358 -0.0166671815045749 -0.0429463440394847
0.0530919439779274 -0.0104807528747325 -0.00252872132620949 0.0314699495303376
0.0732888012742309 -0.0523184240327698 0.0358647539484464 0.0664981087229737
0.0324505419377784 0.00711376353288309 0.0130757926232649 0.00331550320021273
0.0768251005844131 -0.0201930526627751 0.0334568621181206 -0.00670255224561412
-0.0154615072187879 -0.0681814227424484 -0.0396323733303119 -0.0349125043305938
0.0658763179290588 0.0177326106677834 -0.000113625089095188 0.059630563122082
-0.0435162474254921 -0.0673274294473789 -0.0622338330322603 -0.071647176027005
0.0710123685385708 0.00781974209202597 -0.0153931003582565 0.0404676874455156
0.0639569218313881 -0.0606755330108677 -0.0263667171304377 -0.0140329052771417
-0.0596497868893939 -0.0181661828684529 -0.0370196251773503 -0.0885410809774605
0.00888932662654497 0.00628871636531385 -0.0326069340612915 -0.0260228209551404
-0.0114767457583988 -0.0444989830201057 -0.0373529937507915 -0.0328381022851226
0.0574431263073987 -0.00292444526341295 0.030552521075433 0.109990784216931
0.0484466469486435 -0.0256873922771755 -0.0315019340001485 0.00424371143666685
-0.00710474369343242 -0.0442056906480314 0.0531681521580791 -0.0587099247448586
-0.0460858938473595 -0.055742911740583 -0.0176248584675362 -0.0549833189978138
0.0661984375102235 -0.0779353661747617 0.0376833819088468 0.068090111895332
0.0714789225537719 -0.0134222517248482 -0.0324567022049635 0.0830290947305364
0.0803993916506166 -0.044714019081515 0.0340646807149759 0.0289561355920671
0.0590614480080797 -0.0326128540953166 0.0199281887748529 0.113369267873566
-0.0926637223890014 -0.0473056915164319 -0.0412286128096193 0.00748292999454767
0.0161023027703021 -0.0554199915505341 -0.0171949955510096 -0.0183499107263444
-0.00312411359105562 0.0219916814978467 -0.0400313626771684 -0.0588604501380164
0.0141725699060802 -0.0591557856532265 -0.0292602691798412 -0.0545310585423142
-0.0216890147548547 0.00511511733029379 -0.0514943612875412 -0.039076819289981
0.0460314720166434 -0.0608629994219866 0.0438831651040247 -0.0188491768019067
0.0483703539311975 0.0300614645416109 0.0117015538128543 0.0494790592550653
0.0129264442857048 -0.0711004366717871 0.0751342503852226 -0.00569265298792898
-0.0704051716205137 -0.0474616878001314 -0.0587450247747801 -0.0280218535168162
-0.00486293232355711 -0.0191039316211585 -0.0426970856297118 -0.0566004395926321
0.0564237347620772 -0.0613465340584575 0.00643772699429127 -0.0220586824160294
0.031143460491755 -0.0529920572878782 -0.0355839441014942 -0.0521140946479503
0.00573685935251247 -0.00958017613934326 -0.0182599124759189 -0.0140455003508683
0.0428076474176049 -0.04090328959829 -0.037594445085774 -0.00921633057429338
-0.00328604823386335 -0.0115537266053748 0.117622073635443 -0.0908792173393716
0.0083459161474489 0.0286539989527901 -0.0176912868481294 -0.012451257569192
-0.121548917289703 -0.0195179379492111 -0.0767589099447992 -0.013788275492437
-0.0638826477525911 -0.0400867759956584 -0.0420602061291828 -0.0427724144666454
-0.044363985132305 -0.058611663287988 -0.0360390325948526 -0.0673673680439122
0.0825008051490202 -0.0220026218680622 -0.00304341915839356 0.11227500554439
-0.108323377717192 -0.0488008200578273 -0.0614630512190715 -0.02357153318145
0.0447783990328833 0.0324283482798485 -0.00417526530271865 0.00721111995791399
0.0418668953594781 0.0172118919424823 -0.0514901371239679 -0.013671396808255
0.0764978332355256 0.0206314913081569 0.00480329614618705 0.0844118524084767
-0.0021709166491861 -0.00597323937146879 -0.039791082189133 -0.022917696790084
0.0307980097117643 0.0720348220698336 -0.0247098980287119 0.00764834500128146
0.0731963677463741 -0.0101674183965636 -0.00234404823552744 0.0216643271033045
0.0645294086655852 0.0247637198655602 0.0549872207775999 0.130975989737246
0.0582146735848328 -0.00464653277229346 -0.00743618047462427 0.030921896585174
0.00959660619085753 0.0171338011205631 -0.0462874097501183 -0.0576816724000547
0.0627915982212386 0.037957138930526 0.045228205505799 0.100052119790453
0.0562754593742736 0.0654406646632794 0.00637533276814849 0.0568708603861704
0.0210368570416824 -0.0249534887427333 -0.0285096208978552 0.00216333586034724
-0.0150255509714003 0.00595739372185813 -0.0401652364995086 -0.0689496912533294
-0.134924349950925 -0.0355127823160933 -0.0251953869179549 -0.00525409674889363
0.0451103955441552 0.0088420367182543 -0.0667733319503922 0.00774460143218996
0.00405314812783284 -0.0177650094007334 -0.0428175179712894 -0.0181174874536015
-0.032592950511848 -0.0285117200724311 -0.0272447281058669 -0.0512161211039249
0.0550731830928119 0.047589916021232 0.00585411281994479 0.0363444726857901
0.04225967669065 -0.030538078383441 0.0129647751485518 -0.0135812222079457
0.00527690133858611 0.0456785961945743 -0.0431288171115179 -0.0398975083741331
-0.0652084843668447 -0.00810288479353389 -0.0662216601115025 -0.0581718141199266
0.0430019404417131 -0.023933508082718 -0.0169353688344946 0.0178165085763331
-0.0920636012295825 0.0310377725804854 -0.0421202013129678 -0.056632669413761
0.0664742849316647 -0.0163561885480298 -9.64327363362678e-05 0.0131910525856625
-0.0369985373712535 0.0125640650244071 -0.0171511281253523 -0.0174997576203108
-0.163006177020356 -0.046692174417122 -0.0317495221498442 0.0929718682571564
0.0624724147703173 -0.0331281488831799 0.0579922955339136 0.0431121128560144
-0.0111611732203477 -0.0326994638419173 -0.0460257857938498 -0.0343310175927891
-0.0567735609644033 -0.0249078802963719 -0.0405563056379201 -0.0360002858243727
0.0336576089696955 -0.0423812875303043 -0.0445515263500481 -0.00861509701668908
0.0824068890152241 -0.0452733988785894 0.0134348285686817 0.0705560745721119
0.0817646020237463 -0.0404541690658793 0.014443700777308 0.0808850064419599
-0.133131843803372 -0.0182559165548825 -0.0789966197229689 -0.0108163581235842
0.0779899101232045 -0.0220192933580859 -0.0138886764723651 0.0191268591985682
0.016936669238783 -0.0325685215247979 -0.00880327462944677 0.0106057542304046
0.0529596424674024 0.0620737799273107 0.0205818687272506 0.045949263775706
-0.0303880667981199 0.208457751050382 0.0383703865981332 0.0126592614289639
0.00536105021417492 -0.017818546621953 -0.0259705719848577 -0.0457628350560967
0.0291190562913722 -0.0178837802519063 -0.00121499502350316 -0.0353994001765918
0.0603406273131202 -0.0677928416799354 0.0145957092858424 0.0814809496712973
0.0425000447400533 0.0639442397430263 0.00389166477572951 0.0316912124401583
0.0569467751193857 -0.10509081762145 -0.00747467149395725 0.0181082531055497
0.0461885910265792 0.0380665831109106 -0.0103751128174945 0.0132032827993412
0.0641808848393241 -0.0196974029871036 -0.0264128410155481 0.0281395668153492
0.0218581940032365 0.140799491301743 0.00798128822531234 -0.00439968143042466
0.0472495882968572 -0.0462772788869842 0.00793382491967548 0.00535457569114211
-0.00886257058774624 0.0372413495486291 -0.0417329276935061 -0.0424834526669132
0.0469597152946273 0.0629823169973261 0.00869165029085029 0.0541186392033756
0.0844888106589755 0.0194375140363762 0.0343386392758805 0.0811287729748758
-0.00206384395866919 -0.0164435162600042 -0.0404241253598564 -0.0560288938731922
0.0392879094361552 -0.0252875813367319 -0.0140499365354336 -0.0135283097869752
-0.0743148310585272 -0.011430476276208 -0.00904477719053881 -0.0450965368777672
-0.039673848197242 0.043209565957202 -0.04818385277909 -0.080852331980985
0.0620524367916062 -0.0254882300323087 0.0482573517057655 0.0738568481712681
0.0335174942330649 -0.0937799119125268 0.0807014101981425 -0.0568037564825118
-0.119066519652154 -0.0153342550849752 -0.0474416554228392 -0.0285309770195766
-0.0663328003492874 -0.0499146845054914 -0.0258995956297365 -0.0612735265729155
-0.125222944684132 -0.0165428731079884 -0.0638033837217264 0.00503682363347593
-0.0140489997074861 -0.0147967614939161 -0.062406962623092 -0.0706763885039392
-0.0810812091537621 0.00743483420804747 -0.0759065997746013 -0.0230768194580939
-0.0534490829143781 -0.00747367318062137 -0.0656414559426934 -0.050612817237461
0.0474711570053239 -0.110576328310584 0.0544364278934316 -0.0165887395041767
-0.0191964446695213 0.00516093669326132 -0.0257315411453858 -0.0538597322568133
0.00520211367927596 0.0448760807495371 -0.00818456409250619 -0.0274421392755954
-0.0267873968341223 -0.0491728306687784 -0.0508024423190622 -0.03982246529396
0.0481492191030282 0.0175485545345428 -0.00578131463703111 0.0571858610707324
0.0672286934198983 -0.0292383899329196 0.0372865324798552 0.0427619319283925
0.0471293970306316 -0.00882103543182266 -0.00883889994683689 0.0460778005994181
-0.0192860806060789 -0.0273136672546888 -0.0625372767587135 -0.0290934771783848
-0.092705945250362 -0.0276221160109245 -0.0491202530076239 -0.0552648445747399
0.0570781511151733 -0.0025890613847298 -0.0169614149648227 0.0413750550491806
-0.098827788492589 -0.0429149541748097 -0.0874172957345475 -0.0605218750180782
0.0118054047672351 0.00757552784085026 -0.036057780587402 -0.0659111169282727
0.0476466445394184 0.0488015174474549 -0.0200966923761755 0.0402124840777646
0.0722692510618506 -0.00105896652937376 0.00679576416131087 0.0185005207464786
0.0286643840749476 -0.0433548880386305 -0.00638810039813289 0.0248869189616806
0.0425343883611223 0.0119953382605911 -0.0273732270099824 -0.0287667878548601
7.93285156708805e-05 -0.0305549814088856 -0.0144516014676514 -0.0338829520105918
0.019959541066688 -0.00259975251363365 0.00115374260455717 0.0219058876438065
0.0495112372945879 -0.0303637328784268 -0.017127233024449 0.015613807094527
0.04203004309796 0.00274327876468838 0.0264656452930686 0.0437714212329774
0.0391621821758094 -0.0119654691278721 0.0289163122090934 0.0119574488431526
-0.0174259799659905 -0.0497425732221162 -0.0360340125476413 -0.0547431846105812
0.0165715415889152 -0.139530360647368 0.269980129680775 -0.0902887907715863
-0.0763203711094608 0.00981084593557931 -0.0642805070062965 -0.066626408025982
-0.0222515241658289 -0.00465373286864029 -0.0490856203072386 -0.036609736451254
-0.0157843323163623 -0.050836854063544 -0.0552138741515378 -0.0579460893049875
-0.0458451804178402 0.000680835266121934 -0.0654630927963149 -0.0566720648987413
-0.018567821086435 0.0112287691955775 0.170300708325024 -0.133679423535809
0.0743308824125274 -0.0101829307788922 0.0246352909505785 0.0306743182635263
0.0261828824783004 -0.0532938149191645 0.112731538846327 0.0787578324362528
0.0653732763349613 -0.0995326691875582 0.00931207689384494 0.0213048462507385
0.00171158038601582 -0.0442973297329936 -0.0638073970133148 -0.0437270222700338
0.00693930850862817 -0.00337615326075168 -0.019265093494954 -0.0343899158374351
0.0578764138735782 -0.0259348751757716 0.0029392190384828 -0.0115709253901447
0.0260162073897125 -0.0239650982309143 0.0501429155758635 -0.0534067851541278
0.0431692750492517 0.0392062693612411 0.00962690674468502 0.0107818734881942
0.0232344048536655 -0.0307890727635477 0.0287191841425617 0.0029920332527476
0.0384945875341934 -0.0574099879379548 -0.0198476326700449 -0.0213248960373122
-0.107138177669689 0.0188987667871611 -0.0728549406924298 -0.0473062439691276
0.0556036611429111 -0.0129313775108552 0.0038843032290424 -0.00602919706679371
0.0266543882603537 -0.0415114519218711 0.03553586292325 -0.0506831058077666
0.0916452879621386 -0.00345822905780274 0.00675565969804725 0.0872655468241089
0.0451106585447856 -0.0212729252310357 0.033420903728952 0.039686069180616
-0.00758902061749269 -0.0542068862471747 0.0829056800888646 -0.0360629750542233
0.00433871445015796 0.00317716581856817 -0.0605376795619557 -0.041031300038552
-0.000296531298941951 -0.0406626674078359 -0.0455358999899221 -0.0963922709605834
0.0172116632169258 -0.00269714607209288 -0.0473451924562417 -0.0476567307177327
-0.144016458446368 -0.0672745241352693 -0.0288338758453593 0.0672111835497611
-0.00777372051276192 -0.0280590845943613 -0.0317322667186638 -0.0398237413262988
0.040967662482582 -0.0706864426222793 -0.0241838693615452 -0.0129197588070955
0.0649460848650352 -0.0319875490891236 0.0211433957793258 0.0338654151806414
-0.026324901873055 -0.0594734316879958 -0.0619346133577997 -0.0690293827329214
0.013061405611066 -0.0950188608166152 0.147654030466869 -0.0871587787240869
0.0599564862172215 -0.0230538529966944 0.0370636049660512 0.09927534479509
