2.48592256840773 -1.76454793093678 4.61326195521958
3.45115941305954 0.216644853278291 2.97544490162881
-2.15173790702345 3.64855014004916 5.68782836092153
-1.56088163326579 2.54486717512459 5.52155338963139
2.17108662515394 -5.214152255224 -0.730513134679417
0.955194522863992 -2.08570635040947 4.99788144406826
-2.67420563746504 4.13529090270229 5.53043375220608
-1.65734827553921 3.92512125260754 5.52783284023024
3.40452455776682 2.05412727299917 2.84480074940859
1.22351917357755 -4.86517689979916 0.464124700326359
3.72923961578068 1.86920436617194 -1.72071941742022
0.660931888504637 1.60621334587581 1.1824004051269
3.8420670263062 -3.67649825169679 -0.390546953357531
4.06749425500324 2.32008960841779 -0.694216496299685
3.71584273196918 -0.0312558380486365 2.8913139373724
3.18513110090909 -4.09523819928289 1.84424189284319
-0.568109775645184 3.18882299586218 0.0930276181043283
-2.00066708597034 3.37765448406735 5.62187844493739
3.68037900878048 1.08743830150553 2.96731060044057
4.02587743662857 -1.43748855925077 0.431108872235434
4.38287591998299 0.365571162475338 -0.890849686611908
3.99318011908492 1.45232158977149 -1.06095721441045
4.26133347596031 1.27183866670542 -0.180688719188904
3.49732980012908 -4.51429760845232 0.169621924005577
3.94080132215571 1.21937906207933 -0.284032019735441
3.39885492955034 2.23098185887384 3.55034810010368
-1.12999379285331 3.35143931031213 0.558144802224705
2.56252385558541 -4.10753542181177 2.85945141722625
3.58623553716592 -4.11430792241638 1.15971851136225
-1.23461607295627 3.6858891495426 0.102561955360804
3.63391574842208 0.366327526857788 0.638604283549817
1.8734354312588 -5.1182544335898 0.0856415223531203
-2.18287689645453 3.67613387595853 4.90863628338632
-0.371030139967184 1.74383020581001 -2.72277283009503
-0.170351257750043 0.965370557776159 2.24614074948076
-0.377761733663728 1.54264094138709 1.61148868181911
-1.38805435671691 0.296090017182721 0.287908468897869
-1.54423163441075 -1.41173969390636 1.19695703575331
-0.629444412433657 -2.24390510016748 0.417153417015107
-0.77354693597506 -1.27240674116896 1.50170536382979
0.744122111046582 -0.473108113566179 -1.19856493744964
-0.702750893833956 1.23487502258826 -0.299000381623863
0.902366816016736 0.0282145428493799 -2.63631943295958
2.66474243694502 0.714815727223117 -0.25410697893122
-0.683560872694839 -0.489748918422591 2.110936897822
1.12432357709905 0.436491383687417 -1.03283692053125
-0.998145861669747 1.57654314765597 -2.98138799277676
-1.14252621518945 2.09908557288156 2.59972000327715
-0.502531265745903 -2.78171006775134 -2.68080671637056
1.82832483633634 1.22496774377039 -1.9772139719326
-0.218376638315728 -0.940261576096069 -0.291785584110992
-2.18558074202288 -0.491735730188149 -2.31285362183162
-1.721093305688 -1.4878645901121 -0.227869879432483
0.0528164844247041 -0.608989828199092 -1.40874237722357
-0.803297566109102 -2.73109113374795 1.02971494833054
-0.328830871752251 2.62452081802896 1.91933531281767
-1.33798533190473 1.33909415834115 1.83220151932392
-1.39065644100191 1.95514806617267 3.95553250459625
-1.0936849455464 -0.0710707938693397 -2.4287960513335
3.04417018880992 -2.81790199354246 -1.59599883829645
-1.79064764549258 2.2232553779809 -2.85181226900149
1.60558737963476 -2.18991557186906 -1.25925230967666
1.40035356272918 -0.163400453480205 -1.22763578577099
-1.87118059029672 3.28890164917076 -1.09644000000194
-2.64938850923707 2.97272270094568 -2.72297860335009
-0.694223455486921 0.560930973209539 -1.16907437376473
-0.206407995113149 0.0643341881810227 0.959158188399318
-1.02693128991714 -1.02981766340179 -1.7945543383373
-1.47194022919072 -0.182760916887535 -2.72751973415955
1.02177866857167 0.213375743624914 -1.5694528875975
-0.822328685973922 -1.81859371837127 -2.26985323106371
-1.1736747868583 0.149899162356266 1.92215567056437
0.748297803536628 0.354358082884703 -2.13095089957458
-1.28828009666684 0.00264468216663639 1.5729158049695
-0.20758230163219 -2.52530378819667 -2.63960972858182
-1.24122808877063 -0.638462759181879 -2.34401673439625
-1.1219565063795 -0.780358415995999 2.44260612607159
0.627549137222438 -0.247166064596099 0.521959149343409
-1.60814546964701 1.90692933111745 0.569424474214588
0.950925126687602 -1.41916884054619 -2.54510928429763
0.486154644999307 1.2033169108838 -1.77760563637107
-0.962017274493215 2.24010174715025 0.308455627373034
-1.33813341277024 2.60008929124563 0.954814579582885
-1.29348626665208 2.57096111751172 -3.45880114316977
-1.59831175233206 -1.49968774235374 -2.96706090895262
-0.867998716428956 0.796138431899108 -2.82805417069757
-0.847493905745157 1.59658050243075 -2.49388879435371
-1.33519245184789 0.943742780383989 3.90228771463328
-1.21975611324411 2.15805565193349 -0.687389580225487
1.68242653123188 -0.480419071057626 -0.295521054017559
-0.659504860818526 0.864490914259472 0.0801839932485263
-0.120318800714809 -1.33467731663699 1.50401897628083
-0.0508975662533229 0.390921509200178 -1.57966733986805
0.533945566160106 -0.950710034068564 -1.98778958077243
-1.26797382255743 2.67699597040463 -1.10836216455801
-0.902201401527653 1.57695979660926 2.38012228096365
0.545279113444927 -1.18316857654278 0.0257338639074951
-0.695105275165766 1.86325548615355 -1.58873425304684
-0.57219497571529 2.50209794209595 -0.569249749111779
0.366626691112976 -0.539755780195456 -0.322783114118945
-0.210222745750329 -1.66257737616953 -0.408969333887999
0.866026932318769 0.778935593715173 0.900409909904473
0.55570142513933 -2.36910584139337 0.512303762662533
-0.00831904601264236 0.824352916030659 4.02636147476824
-1.01228104636178 -1.0483867217536 2.45051094938336
-1.82041523816589 1.44095276691206 1.13396784416883
-0.899129308634067 -2.45445031604048 -2.47836032852297
-0.522820659813453 1.60430683162851 3.52774321367708
2.05395669707782 0.0621842200304775 -1.16099001370427
1.76759104571495 -2.23741146044881 -0.295944695148323
-0.353027043273927 -1.85570898157392 -2.79070328282187
-0.85774174463941 0.0125352597087797 0.333362474859826
2.17102106780319 -3.6533163281259 -1.170281576429
-1.23710082877469 -2.15870008351677 -2.04619101609344
1.26219917105021 0.81689824479499 -2.88380472270973
0.73627007488423 -0.978682157358773 -2.30754229033411
-0.644110868356995 -0.118709001768021 0.166779600879183
0.792140110531115 0.0729605932002823 -2.17724085841121
1.80260789537891 -1.33811014884593 -1.73163395851059
-1.76254615233312 -0.423576857522588 -0.653021365569152
1.55289549088788 -2.68141861946734 0.706330364164494
-1.05920095762225 1.39111062063938 4.18820277575444
-0.886916477109699 -2.18959637654187 -1.38537530862146
0.761754993765291 -1.98058456588067 0.41722275684123
-1.12070283752658 1.10164465818456 1.51221890724489
-1.04962954179561 -1.71190416668438 -1.98974027567951
0.395455936972911 0.0433671462710855 -1.51045837959984
-0.553459459189343 -2.6454791445754 0.150487954641538
0.032557346753492 -2.1196969451971 3.16040755275716
1.00064449029354 0.16485215538756 -1.36747792271672
2.09666796699601 0.738796108674051 3.82724290227211
-0.812728391737062 -0.811671404760565 -2.57983883390012
0.810160688789087 0.82371654233623 1.95093371916796
-1.90413629602021 1.35920167459358 4.76045336864251
-0.404048430767449 1.61014881518477 -2.90340695545733
-0.441426489801711 -0.298496716199713 1.2474767525252
-0.431422381005266 -1.37437636688997 2.50852651632389
-0.896884999966813 -1.79403623078425 -1.2094429708727
-2.04119229873279 -0.516562098285139 -2.95755980309356
-1.77735119401969 -1.13229369786739 -2.97793961703531
-1.30950113098463 0.94580316630657 4.38964267878716
-0.890009334932102 -1.56882931097628 -2.53689480478892
-2.07730574838104 2.69828462037506 -0.00427634998469148
0.249469858424361 -0.341379534040581 -2.35148864732575
4.07544788379372 1.96402153215807 1.20422765962981
-2.04757885702577 -1.90598971873025 0.385351605661788
-1.08307131925487 0.667643608187553 -1.68180172580406
-1.69163686410481 -0.981322342562937 -2.82024802469652
2.11721549924191 -2.52110429055017 -1.76316372921399
-2.56194261761756 2.61611266671291 -2.46910539758553
1.15891108518165 -3.08522846102832 -1.25765229692165
-0.647529044078091 -3.16340428480426 -1.91224982894373
3.82611701466254 -0.0765775704364451 -0.966367769932585
-0.575020643021268 -1.50880758627402 -1.77045802423123
1.74215796782795 -1.77230005091894 1.73152210882378
2.54110138734626 -3.04911208224692 -1.83594833095441
-0.19317591012281 -2.59821229973829 -3.07951220428607
0.111961211149986 -0.801640377485448 -0.102875693150988
-0.737285228716275 -0.917031154621699 -0.292424549858466
0.00241810955319142 0.274444582701503 2.95222686253657
1.26668224361524 -2.19238090724673 1.51396513732873
0.136660411543083 1.16860608991518 -2.41101913749262
-1.49588655712905 1.95496108338784 -1.55912492021988
0.6318542904593 0.567904894256803 4.29028439530737
-0.949628077252199 1.7610345120786 2.51702989732438
-1.27105281581619 -1.63537432010522 4.32830449983448
0.909113875126594 -0.718468097793921 1.4484776929194
0.136534753040957 -3.12887714393716 2.93967329400323
1.20542099478446 -1.38927180288593 2.36006781824473
-2.38223085821325 3.62341862949294 -2.14301992882726
-0.748971538449003 -1.91537439010225 0.52079753635699
2.04780207851537 0.231594512205133 -0.419714634108712
-0.784217747949858 1.01767274836367 0.482189325882552
0.848260095747951 -1.71635764021802 -1.71845638561186
-0.772778041862736 0.389186518021397 -3.21640922340056
-1.87740047884811 1.10701849787743 -1.6077784438906
-1.78329669299247 -2.1639728451656 1.52801156207835
0.698826522759473 -0.00974789503350046 3.63422497372188
-0.044474473088136 -1.75540213619036 -2.29835766733944
-0.765937011811345 1.10847972621509 3.69491558387744
1.80282812827028 -0.378564544681359 -0.529746388527308
-0.638116049565129 -3.43059812863721 -1.32221719643226
0.812784470937898 -0.01055851549692 -2.0652403648763
-0.955244865562671 1.03580256968486 -1.48316685382075
0.3679987275295 -2.81426875210445 -0.889950108628686
-0.868324949315133 -0.775343566493726 -0.255604764627606
1.07608955450362 -1.34037741606337 -1.47646873675775
-1.9445340798118 -0.264997555046176 -1.45630370066115
0.172726687740038 1.2742442539929 -1.30957663478171
0.0719836367908603 1.95797619143392 -1.75883070139779
-1.7634962773802 -0.427322585108861 0.77378348500328
-2.30361161950875 3.45241390348523 -2.07301906920044
0.158224990440825 -0.204795396217955 3.25663379044438
0.92046903934074 -0.811270901555454 1.446514420728
-1.31366281658818 1.10763994996918 1.2446041642847
0.41702507491411 -1.89924533710043 2.14732718218682
0.207311681816517 1.62185998152432 -0.125556606792873
1.57213624186716 0.758439142986552 -2.27358771404905
-2.25538967263545 4.07009726789537 -2.34505420882739
-2.104720832416 2.10228547646145 -2.39508901396212
-1.21771619653462 -1.31888731863943 0.776496338496714
-0.784444571102647 -0.193730970031839 0.186628772367286
-1.49424692401457 0.822062485379327 -1.8005099460533
-0.586769992834739 2.01502726574261 -0.34362528573623
2.29683957844902 1.15816676405426 -1.36692029748282
-0.346775405988154 2.65977250989339 -1.70105955136264
-0.0418711026428548 0.949135428754946 -1.44776430789533
0.657156105432687 -0.0531397395181275 4.00552926009257
-1.03314723889634 -0.344560226202418 -2.32323088590342
-1.79779063394322 2.60062106133315 -0.133470013399455
-1.92024348638227 -1.58892506984385 -2.63046836438168
-0.434495888897949 1.85396904509778 -2.58293754682609
-1.57582688196114 0.590245759528605 -0.459438505020504
-0.472564051149498 -1.1946603163967 0.466119212453777
-0.914226342646868 0.183016924268391 0.925455467226305
1.11136387227013 -1.90382373666873 -0.0884223455418093
-1.80473868540093 2.27222263277178 4.58690399306252
-2.27589275534307 -1.32266511670858 1.15163339837228
-0.611907194679442 0.375407973823218 -1.54955182649882
-0.790048708875602 -0.132659494619165 -2.75948769825241
-0.522872579777533 1.74064122962579 1.34831811601576
-2.47745914947325 3.95105930492135 -2.02398473002591
-0.991926018566256 2.11985979434924 -2.60830462962843
