-8.44055951338386e-06 0.000100273053620425
-0.000123593069881964 0.000167681986108018
-9.31294494794145e-05 1.98875834223369e-05
-6.00135380178176e-05 4.39933626702477e-05
-5.9198574544292e-05 0.000168573554526846
-6.64076177298838e-05 1.80145534618857e-05
0.000109989390386517 -5.34151524546962e-05
6.38956929708968e-05 -0.000106950832838558
0.000171356095868956 -0.000201436274178318
0.00072129081356728 -0.000359011556899546
-2.13323907011571e-05 -9.87423060478781e-05
-4.27132100541978e-05 0.000102896546246452
-7.50671512800944e-06 0.000152257637327152
-0.000154147296151996 0.000231203854427628
-9.18867657368642e-05 6.66763097352922e-05
-5.54375434714525e-05 0.000191038860160879
0.0001249138001149 8.9075616845488e-05
0.00023063520046616 -7.27038000108114e-05
0.000171627390664442 -0.000246698877614959
-6.04721023713157e-05 -7.15556464560681e-05
-4.07334068396603e-05 -5.32167591637867e-05
0.00018179413809826 -0.000238858852911754
-3.36662054692162e-05 -5.74604228033029e-07
-0.000148178744450091 0.000140098773100609
-3.74664570605383e-05 -5.2207794274059e-05
-7.01555102966023e-05 0.000210461643091106
6.23544651726174e-05 -0.000127518396077685
3.11962971108506e-05 -3.50030144503703e-05
-0.000120293634024804 0.000130753286993163
-0.000172120984799882 -0.000125737536497642
-0.000167653720606017 0.000355971463831418
-8.93088294037707e-05 6.89308876877422e-06
-3.32163809903027e-05 8.18442224535846e-05
4.54847653065475e-05 -6.39987295434953e-05
2.17399855729995e-05 0.000167817047827203
-4.25183214322548e-05 -0.000107235249182087
-0.000391343392796255 0.000838493270442127
-5.12014484842102e-06 7.16968865253251e-05
-5.19400344212679e-05 1.16317359533192e-05
-0.000148777056224124 0.000156521544848202
-0.000151232373706997 9.34727859063944e-05
-4.46480161640111e-05 -8.14984680737101e-05
1.04369949824709e-05 -5.44928476799991e-05
-9.45485864515333e-05 -0.00016460549964808
0.000260591055250267 -0.000451064902413311
6.56294801111421e-05 0.000117373463509136
-6.29214463883843e-05 0.000101118656157894
-6.64245842689403e-05 0.000178513502755207
0.000183678182674564 -0.000301605104473581
4.04583248754527e-07 -5.85822091069638e-05
0.000168417502050118 6.67198947519599e-05
2.31422918273807e-05 2.59570705880148e-07
-1.75799454286066e-05 0.000177088113809462
-5.73249249277265e-05 9.80784707481503e-05
0.000136821369373411 -0.000237760031458825
-0.000107480405204974 -5.09528075328478e-05
-4.5832275443634e-05 1.07645156234274e-06
-0.000132994841314386 0.000267383219785923
-6.83705387376733e-05 -6.62545769542661e-05
0.00016127227818391 -0.000129394910073984
9.14702941337308e-05 -0.000146904589352936
3.81900132117053e-05 2.44599078847916e-05
2.73268545532751e-05 -8.59625510534924e-05
6.6178297957156e-05 -0.000238056478795541
-2.00646578175469e-05 -0.00011513262893148
0.000100897048462408 0.000138754769391927
3.43614134565487e-05 1.07944800072204e-05
4.32852653827722e-05 6.7250263801275e-05
-1.25758705420778e-05 0.000256403342605966
-0.000110984169637531 6.64512762104812e-05
-3.10690312700368e-05 -1.46312419981203e-05
9.74237483679653e-07 -7.79065270738515e-05
4.02781558898254e-05 -0.000296360403042008
0.000102013886603067 -5.34238264765721e-06
1.50191159308418e-05 -6.32417901470544e-05
2.19009038950218e-05 7.52498217488539e-05
6.33291363002081e-05 9.62136623516775e-05
-3.6042490997221e-05 -0.000114830588089154
-0.000103651154956548 -5.55710387417508e-05
7.49210521583138e-05 -5.57810608210064e-05
1.42237169513083e-05 7.79956786012955e-05
-4.9577181849111e-05 -0.000109319733027025
-4.48681595493375e-05 -0.000194659426484949
0.00052100809523296 -0.00020847723846676
-6.40735365328382e-05 2.86528049563396e-06
-4.10876660113413e-05 -6.72037104269796e-05
-0.000145240375451523 5.86118021937111e-05
-6.17631088913174e-05 0.000294845705673802
8.80854064836439e-06 -0.000101425487024657
-0.000142117256077206 0.000352831180956155
-0.000154509935349883 0.000145314492309214
-0.000121241664347088 0.000145975660807241
-0.000147395585463994 6.58488433934802e-05
-0.000152509063681238 0.000265291010547986
-7.09710875440727e-06 0.00010346168572557
-2.80925153282115e-05 -3.51437003700023e-05
-3.04833878335126e-05 -1.69431283411606e-05
-0.000143883368926408 0.00011543459181283
-0.000219731634798182 0.000177727509297296
0.000167102185933726 -0.000212860694683407
-5.93077622749556e-06 -3.16732245410849e-05
9.31601646525502e-05 -0.000277764542191423
-3.2615525347637e-05 -0.000133631220612219
0.000166712820242477 -0.000201272568825231
8.34598261475844e-06 -0.00017868496509118
1.39228504321041e-05 -0.000119426912702161
0.00042940510496076 -0.000324384121846774
-4.67931357038744e-05 0.00026435823374611
3.44227862854555e-07 -2.57416863512341e-05
0.000259337788289781 -6.82331016620562e-05
-6.6274768739816e-05 -9.55561715361406e-05
0.000132432921832116 1.33982153856352e-05
-0.000167114075544582 -4.76464507877678e-06
-3.87971749931325e-05 0.000143672089649744
3.06214751338698e-05 -0.000155370130651084
0.000345234110704717 -0.000377215012347448
-0.00010127285522435 7.96189393644145e-05
-0.0001097433994998 2.19147563688305e-05
-0.000111304548118886 -3.2173952647836e-05
-8.38256669078995e-05 0.000161279412654291
-0.00014002647866047 0.000279481101737166
0.000135858060579233 8.84004992086987e-06
8.83748227065255e-05 -0.000286788062194934
-6.38233936827817e-05 3.27681320592446e-07
