0.000315397640997005 0.000584757881435109 -0.00220236340231334
0.00020353631788188 0.000655082287261133 -0.000108406796867053
-0.000269718963883501 -0.00184700971355119 0.00204575899235379
-0.000230538136090449 -0.00157689937488332 0.00141490237605498
0.000109701070430114 0.00100366576095482 -0.000758630089743359
-0.000650159102209219 -0.00252023017340084 0.00105754638728157
-0.000500622550149171 -0.00199749415531974 0.000319541036887109
-0.000548246118275588 -0.00266850032340944 0.00153984045045285
-0.000446902357539899 -0.00297706317415801 0.00176837597408615
-3.18882949142341e-05 0.000648270960307291 -0.000191072302784066
1.24310494969656e-05 -0.00142149208613647 -0.000201175382510241
-7.09801948946492e-05 -2.66030305649252e-05 0.000597107284167732
0.000202622595314722 -0.000362747888930597 -0.000381915163868659
-0.000388366430923887 -0.00199219834761576 0.000740021522018656
-0.000105723105176277 -6.02901268400674e-05 -0.000780550643973775
-0.000131443050172264 0.000714207191417413 1.2893817030491e-05
0.000229677589458559 0.000693153303876659 -0.000625736906456394
4.27315495568614e-05 0.00138926140814093 0.000168539676835713
0.000122896504114586 0.00145551199905909 -0.000120953094493336
0.000295758179141175 0.000290444311856296 -0.000728882326328598
0.000975248645823454 -0.000629085939650963 0.0013713322138391
-0.000894434143165904 -0.00260722587753447 0.00180004649021596
-1.72654401494633e-05 -0.000181655502039078 -0.00121310738057241
-0.000859188716592508 -0.00338388270904443 0.00186699926989964
-0.000234026564495297 -0.000924015952072779 0.0010167189384082
-0.000506431751029303 -0.00244400470051407 0.00105095949491519
0.000144751452647277 0.00106486135481702 -0.000206996550339601
-6.70023485483697e-05 0.000808576835006391 0.000640243556628648
5.38284043689564e-05 0.000606547521153315 -0.000983417649810164
-0.000349671536784638 -0.00107009232792908 0.000756255021565316
0.000205299228278684 0.00173717376656384 -0.000115272055912686
0.000417942101292502 0.000920445169351226 -0.00117713749175659
7.91245545462088e-05 0.00148951000643327 -0.000237670276253458
7.35424420149169e-05 0.000783171393851088 -0.000549124629711863
0.00023845820932649 0.00101711281995794 -0.00132238466983512
-6.7114800709976e-05 0.000442937431903545 -0.000611433823724028
-0.000116895767088485 5.23665822104351e-05 7.86956178744886e-05
-0.000270645448990302 -0.00156971310648938 0.000244503045009155
0.000168581018953974 0.000955369291956187 -0.000198493870593197
-0.000145295442875592 -0.000668490365347081 1.1477615365369e-05
-0.000136287198343935 -0.000474117910286831 0.000190751499122985
-0.000143771021919654 -0.00151014545270161 6.88956306551247e-05
-0.0004377699402164 -0.00220091432314379 0.000929679168027734
-0.000204065109906223 -0.00118482516619645 -0.000226928924239498
-0.000516608142125697 -0.00254117539226454 0.000953324970360115
0.000210105088244252 0.000457620068677258 0.000221053835604945
1.71562426989445e-05 0.000508825498105778 -0.000717228518001837
-0.000158779826262485 -3.35826550528158e-05 -0.000144805840362549
0.000329048548951305 0.000899944508670383 -0.00166253113569372
0.000145050230615215 0.000293020123515177 -0.000622055496178502
0.000158323298852327 0.00166389522187692 -0.000558749781501193
0.00028225205345387 0.000791185014504363 -0.00144456637860195
0.000141908810688436 0.00161459010861843 -0.00029196225101681
-9.92469591936667e-05 0.0004692694608921 0.000289171615904322
-3.6004150797719e-05 0.000424862664990134 -0.000123356523099072
0.000204656457534272 0.00119392285965557 -0.000817114727076567
7.35581643017569e-05 0.000539234675612685 -0.000801985630585607
-0.000434423891277121 -0.00203676425588778 0.000691923935544961
9.89912955235497e-05 0.00184822687069968 -0.000372050149432432
-0.000225268534541963 -0.00179701279752726 0.000741601604658779
0.000121073069452125 0.000551647009759646 -0.000782408521609734
0.000236349830335456 0.00143852349229375 -0.000674027994503904
-6.67942710344491e-05 0.000258310489824371 0.000599632165482944
0.000242291051452751 0.00104384532566019 -7.77197183657193e-05
0.000225663778677943 -0.00186604605809195 1.14327725197099e-05
0.000190057999122514 0.00049835156537726 -0.000603259773175188
-0.000103893955469927 -0.00250785537610862 0.000671494311614991
-4.48773598575292e-05 -0.00171864540823039 0.000623417579894657
0.000142551270961996 0.000721664663113936 2.55903373354462e-05
0.000184931978222801 0.00254338204187183 0.000172844768916077
0.000145673656315731 0.000725335506989438 -0.000920524821313869
6.55646831491631e-05 -0.000714860256874684 0.000106189045340042
-3.89198281790907e-05 0.000348509370747989 0.000476977477978054
-5.23198360459629e-05 0.000950528102690859 0.000187651542355033
-7.52592577783084e-05 0.00156925281343786 0.000393016139141133
-4.42872831503834e-05 -9.04041305770975e-06 -5.21104003568318e-05
-2.13877723453942e-05 0.000282187914344605 -0.000114081665490764
-0.000212899786932041 0.000508026385645648 0.000638868114794029
4.21137917409634e-05 0.000139124188626288 -0.000872426385154462
0.000132083108128647 0.00113585171979094 -0.000578305219423672
0.00017847426678894 0.000581493461456155 -0.000520835133984727
-0.000524190331466475 -0.00196694610346295 0.00114545181817346
-4.97919428584736e-05 0.00156132663472168 -2.28688521040317e-05
-0.000511867363146915 -0.00240850952773502 0.00143027854524514
3.32798390557196e-05 0.00114911981328501 -0.000195873946885036
-9.14897290760133e-05 0.000385782993241381 0.00028851366376095
-0.000117204046643797 0.00101162006661409 0.000196410251464321
1.6989553757702e-06 0.000874246602692545 0.000246504510666451
0.000105914663586254 0.00101827904361761 -0.00021926645251932
0.000105895429685761 0.00168374824427175 -0.000160267219601046
6.10525880931771e-05 0.000502776042385445 -0.000259791288258703
1.43191945503082e-05 0.00131835358539771 -0.000210213719734419
2.6546807253509e-05 0.000908061671959947 -0.000421519544949905
-5.25621066584918e-05 0.000879190648872122 -0.000429839710645953
1.20334779178051e-05 0.000891565256210744 0.000205819768860275
-7.94506836176189e-05 -0.00102086886881883 -0.00126090051482796
-2.05966309124967e-05 0.000349963876922756 9.88788866329756e-05
-0.000108014099012048 -0.000556420351793351 0.000686292335343153
0.000170895507862531 0.00140700493144244 -0.000617705837142037
-1.78735758295184e-05 0.0009899275327956 -0.000356222795450419
-4.60579641113919e-05 -0.00142385015905859 -0.000136979573164161
0.000227372061127603 0.000305365560186079 -0.00121994640908324
0.000265207210540521 0.00214681843780996 -0.00045194108435119
-0.000107931106190662 -0.000434834486640477 0.000197377472714806
6.52366489068702e-05 0.000623482803632921 -0.000234457053304624
0.000178245240363246 0.0017643469948963 -0.000486802558691971
0.000169174698863006 0.000970720808959716 -0.00047279380542783
0.000195282184235388 0.00127870835729325 -0.000527831567329634
-0.000102421215284963 0.000701633806158322 8.74922144891639e-05
-0.000145480360930285 0.000250870108939088 0.000133377537549259
-0.000223803377183309 1.27959079310118e-05 0.00038549239612476
-6.37750559789314e-05 0.000590212709917867 0.000379276123903728
0.000136225037636362 0.000998918145103003 -0.000584779728496067
-0.000364685973946544 -0.000727553661371408 0.000216363879707028
-4.63781465393319e-05 0.000456744713467878 -2.51221817603621e-05
7.899662695672e-05 0.000760729097498293 -0.000566389048052835
-0.000249790618691587 -0.000666704676630995 -0.000332255239811814
0.000158515023873016 0.000744581079686405 -0.000592753291461619
5.35120825761026e-05 0.000580624919180702 -0.000138346772404423
-6.7148454045448e-05 -3.7130288906845e-05 -0.000346287645840079
-0.000538560357273145 -0.00195152865919094 0.00172211828937871
-0.000252276615241547 -0.000699222663505309 0.000908626302442837
-0.000314742726456256 -0.00019169128515509 0.00102647272684463
-0.000377548481170709 -0.00204021281290724 0.000272731690298118
-0.000497927032015708 -0.00119154387328469 0.000804803633670607
-0.000655583768372552 -0.00247615419022024 0.00158779827585146
9.98333493003091e-05 -0.000454743139463972 -0.000683033392865477
0.000212859088461967 -0.00301605023582871 0.00189096862737804
-0.000115402653347975 -2.48894715891275e-05 -0.000325493342815785
6.82421309546374e-05 0.00104825108178753 -0.000305813525464967
-0.000246249144433711 -0.00204721770393732 0.00069778007326697
-2.61417497525042e-05 0.00110464446713106 -7.86353994478548e-06
-0.000572788028733784 -0.0019297448165064 0.00131089639222184
0.000152484965145531 0.00114582467273488 -0.0008928548773053
-0.000251060357281382 -0.000290100067348863 0.000260601272347686
-6.43951216912103e-05 -9.46202614589847e-05 -0.000145451425433256
-0.000181786261480383 0.000649836877611027 0.000413986511884802
-0.000327811260993364 -0.00166819695705861 0.000280106241221483
-7.11842953543712e-05 3.96012170355029e-06 0.000278484581030532
-1.05799687889335e-05 0.000921473640126756 -1.05200651587729e-05
-0.000357945753127518 -0.00163341776718255 0.000726572817678873
0.000192421806726235 -0.000369110000515932 -0.00162447115007204
-1.73476209189718e-05 0.000611338640568686 -0.000399939525983159
0.000166305094677632 0.00142435803989063 -0.000675832631674424
0.000177706773757235 0.00100008750194688 -0.000899640044679462
6.68491505401702e-05 0.00153992477599501 -0.000263432302132132
-0.000429740443402653 -0.0018865239906814 0.000804067020634569
2.62058100217858e-06 -7.06924607268626e-05 -0.00083049104837585
-4.40135925775135e-05 0.000367606688484184 -2.58686416550357e-05
-0.000105826180631505 -0.000160574648115006 0.000469575455066083
-0.000161101848569969 -0.000213640014233194 -1.8317075451564e-05
-3.75615823905231e-05 0.000175135940336646 0.000772001640331608
-0.00038018775061599 -0.00167229522137234 0.00108601656123052
2.39065290334578e-05 0.00104371974883386 0.000766630277852574
-0.000530921262167789 -0.00202434053791789 0.00089784836732449
-8.06533910271178e-05 0.000919901999440361 0.000338734995232143
0.000158009226818095 0.000888036429192947 -0.000519289116062466
-0.000232167957736051 -0.000770957537685793 -0.000531793562488405
-0.000128400787163515 -0.000455719742244346 -0.000262304066385284
-0.000247930761444462 -0.000196822347255889 0.000965949611950479
-9.45666077330897e-05 -0.000598088160784852 -0.000620026781497278
0.000229072461651313 0.000982061727174593 -0.00144916739617212
0.00031421106652719 0.00135995673936452 -0.000477771815155922
0.000133307320109599 0.00217241260104869 -1.11512988504131e-05
0.000118998537733416 0.000709648776218833 -0.000811743094928744
-0.000591013681168272 -0.0019706752579553 0.000974963493185648
6.71938554088269e-05 -0.00015475470278234 -0.000210282490031031
-0.000564715347769136 -0.00218403908055158 0.0011587799700532
-8.13310000524226e-06 0.00010299063160614 -0.000682746459609244
-0.000204547760496054 -0.00156082709338215 0.000126767123493204
-0.00060411507618669 -0.0025149386374178 0.000974681410669312
0.000326553228377329 0.000630329161076951 -0.000660634774404192
-0.000109929819562897 0.00119365948341077 0.000223519628926628
0.000129869455871918 0.00102704027869835 -0.00104432590014831
-6.73103837577713e-05 -0.000664308772381336 -0.000336389232546519
6.88991465363208e-05 0.00111603380265492 -0.000420476136627176
-0.000253320565578572 -0.00238294498120034 0.001043284575877
-0.000152278275474984 0.000185724541827869 -8.89122371328694e-05
0.000248844393178246 0.00151595950992715 4.22975530227922e-05
-0.00037678389072313 -0.000801901999416437 0.000229472202917306
-0.000222535021667654 -0.00205241096719354 0.000635194098936394
-1.00121888675974e-05 0.000520674435984847 0.000351511950984938
0.000236795310190046 0.00201800729541792 3.58084235481231e-05
-7.70166566613492e-05 -0.00135144552996622 0.000122674526465781
-2.29947126418745e-05 -0.00013654082002633 -0.000253063229914765
-0.000135099302135134 0.000611836323448864 0.000503737292494435
0.000133921220272855 5.27869133067489e-06 -0.000159256097150873
-2.46998058112666e-05 9.8027122559368e-05 0.000692009103209053
0.000252280405804165 0.00189694182381356 -0.000282613731318127
2.7922593032537e-05 0.000734745402451883 0.000592606267441148
5.1858142717933e-06 0.00101596147538858 0.000197468615014651
-0.000386775442363773 -0.0018689136155771 0.000563467723951907
-0.000346019743526875 -0.00178909656636507 0.00115078224497214
-0.000378144880095585 -0.00197821371395744 0.00091205267726266
-1.2926172947001e-05 -0.00148173869984732 0.00010598134468699
0.000528900420976018 0.000547758627454834 -0.000466428665424852
0.000449204660478072 0.00104283520210419 -0.00107050238445227
2.95893934356122e-05 0.000426007294366362 -0.00032232955174231
-0.000504195161755859 -0.00225217789582998 0.000918464914645
-2.01712199623527e-05 0.000373542749948318 -0.0001182699654311
3.47727424202711e-06 -0.000472520871097229 7.54588860025235e-05
0.000427900556235849 0.000743420683357252 -0.000534937049914952
0.000344344184526217 0.00162504981415961 -0.000499656225660453
2.7713435971464e-05 -0.000142868697270464 -0.000244964926787648
3.35895855636741e-05 0.000393789579230298 -0.000419794697687524
-0.00029182148296148 -0.00186841178459842 0.000837655822509415
-0.000747475927292256 -0.00275020953026182 0.00122906103142933
-0.000163949064213729 -0.00181658561150611 0.000507350755166091
0.000241038163249826 0.00133351533524959 -9.66778220091974e-05
-9.00391296369278e-05 0.000385321281151998 0.000541647465416763
-0.000102116330627159 0.000307497282171502 0.000402521800621643
-0.000142154983344387 -0.000175544396830065 0.000592929184861604
-0.000618668813662943 -0.00283585944801827 0.00130149642723389
-0.000207278955640996 -0.000864388150796019 0.000567634442744958
-3.48220509502725e-05 0.00041142084378409 0.000374157256590704
-0.000650853648064426 -0.00251792763744311 0.00155964648303395
-5.37411320227948e-05 0.000926034753828989 0.000131293383741283
5.39514205539948e-05 -0.00138963255539947 0.000384775150768473
6.3293865778971e-05 0.00105759348850325 0.000702063995673113
7.7596055049281e-05 0.00152901628080298 3.22132721881264e-05
0.000225288902888503 0.000891950037189001 -0.000845557868571803
9.12380108737993e-05 0.001117396579162 0.00018958587384607
0.000398434246727664 0.00137756848123442 -0.00113181324789742
-8.03070076523923e-05 0.00028220892479903 -0.00037368336615178
-0.000232642669984427 -0.0012566092825634 0.000215767879205666
-0.000196804238003048 -0.0015474457412512 0.000443257617336977
6.34223691170724e-05 0.000706127821305911 -0.000169684308860941
-0.000157712625438386 -0.00139916381813587 -0.000386219120750066
-0.000286120392128152 0.000348706059192343 0.000155107670025277
0.000186291594230675 0.001112849073579 -0.000505779786373747
-0.00017203104729925 -0.00177767043095569 -0.000668028504660558
-5.24601482630575e-05 -0.000241060318320717 -0.000483839952388169
0.000701174818763759 0.000177215086180115 -0.00195663602818231
0.000145481231269858 -3.42481540804852e-05 -0.000999499153085907
-0.000502633707687967 -0.00251069235831997 0.000526408894828195
-6.79681556013759e-05 2.01556274963156e-05 -0.000280677253477505
0.000394560483841922 0.000746406271203367 -0.000677732220788819
0.000153825898552763 -0.000345387247226807 -0.000427969513313752
-0.000788527392658558 -0.0026367042760156 0.00151609053378816
0.000151389859211859 0.0012065031687556 -0.000562914999323391
1.65601264268994e-05 8.09285568618447e-05 -0.000277391950807363
-1.93284576053043e-05 -0.000316660069766476 -0.000898189258835544
0.000196877478622199 0.00067806892620723 -0.000777332169523566
-4.84578194516431e-06 0.000465512875498561 -0.000614660965216001
0.000264836508277918 0.000699421369378631 -0.00141082049329055
0.000229762292249649 0.000455701325275437 -0.00089183978595713
0.000155294519084865 1.17671433202919e-05 -0.000891776786177336
0.000178514120704628 -0.000484004656166624 -0.000841341591123877
0.000342903662254616 0.00143773293395984 -0.000467428702448671
-7.21306348695449e-05 2.50776494328342e-05 9.42068888690037e-05
0.000283564419470338 0.00100371448827927 -0.000567915978923884
-1.99649261582635e-05 -0.00109995676609931 -4.80245345053845e-05
-9.82796268810623e-05 -0.000491709864168316 -7.85372699404633e-05
-7.28306628336108e-05 -0.000399117775183683 0.000293425945525928
6.67352448658787e-05 0.000523390756309004 -0.00059887050879804
0.000214389554179621 0.00073807319234648 -0.000970523280159884
0.000214964200726628 0.000940088521520134 -0.00014440667779753
0.00012095945116143 0.000784510207980274 0.000184833203032634
0.000107514589309722 0.000280025063078158 -0.000842980966360629
0.000187034459001092 0.00136706809842356 -0.000257405162956362
0.000506450326890823 -1.94839711939285e-05 -0.00161331027470655
-4.12758773392362e-05 -8.49973118062743e-05 -0.000395962672771025
-6.60167917233955e-05 -0.00182931276654691 0.000460189628601702
0.000296373415807027 0.000737470125611345 -0.00101472735121377
-0.000105881113607263 0.000323260597605331 -0.000404253351228076
0.000287186823278145 0.000755023920475865 -0.000732031199689165
-0.000633692989507283 -0.00213673663164718 0.00142042281183428
-6.54789337236855e-05 0.000700516463180666 -0.000181189910076071
0.000172974288698939 0.00014429330358106 -6.94546925052061e-06
-0.000733850670151394 -0.00284970393826377 0.00123556564102129
0.000247716892844937 0.00202583217105505 -0.000622265258709925
0.000600951407092028 0.000888195270888821 -0.000735212930413065
0.000101639196630954 0.000803003380443901 -0.00101780593324356
-0.00051975820842956 -0.00173884576022021 0.00130335013780334
0.000816271724619048 0.00121526137813733 -0.0011905386247606
-0.000148879398461011 -0.000121105630433858 0.000211649833588919
0.000140467338300829 -6.43481480523697e-05 -0.000450305224644672
0.000102054653289524 0.00115660971202161 -0.000754620360040991
5.36617144221094e-05 0.000334019544770443 -0.000513770693897199
-0.000119059986898963 0.000481678217849333 0.000277297119695934
0.000422047800197453 8.38228393977606e-05 -0.000730504668138074
-8.32182536195447e-05 0.00035206325144425 -0.000317198338833042
0.000749751321875781 0.00131042205002401 0.0004222186607734
0.000730885699741661 0.000897817835553675 0.000432332105908973
0.000140198386251629 0.000467122649442514 -0.00058280964348144
-0.000304963829544164 -0.000550667377216187 0.000839923699772142
9.54099988317262e-05 0.00184442076358316 0.00036281213344126
-3.10481101651533e-06 0.000777044140916945 -0.00020307647037237
-0.000177280680858293 -3.31192972104167e-05 -9.34519165554983e-05
-0.000462399674633696 -0.00247872546583642 0.000591456589539276
0.000198467536017032 0.00113705963930316 -0.000868022174972665
9.99137064357031e-05 0.000819436180735144 -0.000721373723468728
6.50235790064738e-05 0.000440856624922738 -0.000677567944512863
-0.000655209850962443 -0.00232398411450464 0.000763324530832331
-7.58975696227817e-05 0.000590212976678346 -0.000103066534112343
-9.4665216034814e-05 2.63399029585363e-06 -0.00041794130251324
5.5836962196529e-05 0.00119075722933598 0.000775615895442028
0.000447500874098424 0.000763536485502858 -0.000916335503873029
0.000249662546328799 0.00193589936282971 -0.000407751945121933
0.000117540338796641 0.00067530474936659 -0.000336368291370758
-0.000314833345219057 -0.0012903463792714 0.000503540691013239
-0.000127150768481344 0.00045274044954022 0.000463967703306137
0.00023533226441883 0.00159556308733659 -0.000132877772989228
-0.000605605411648126 -0.00221418795814559 0.00144558935647266
-0.000103964185799451 0.000125105123205187 0.000181143385050412
-0.000278255469324215 -0.00233949418213481 0.000719068073837667
0.000642994765285456 0.00067336979064589 -0.00152799141929283
0.000121675531092301 0.000850510896039549 -0.000248783320741706
0.000383619079738118 0.00174332995876526 -0.000869379087432382
0.000419277386179356 0.00138111105003241 -0.00122897633288021
0.000200532485519192 0.000472106583551508 -0.000431832659735257
0.000225084897611507 0.000722401259365819 -0.000248617046442221
-8.93456789027618e-05 -0.00117295151444004 -0.000229463718843833
-0.000427688773789795 -0.00243311660591289 0.000938841735611392
-0.000110192481473539 -0.00122156582078766 0.00057838795577603
3.88654221389955e-05 0.00187219960063367 0.000113148205649945
0.000369224007042061 0.00044885834974975 -0.000820677504146324
9.86306774207031e-05 0.000199055776410059 -0.000606082055266829
-0.000197235349472545 -0.00094108737280184 2.98654431719222e-05
0.000185124157453887 -6.09554242432844e-05 -0.000297848252650262
-0.000109078444711418 -0.000702118473882218 -6.48714601734996e-05
-0.000207684086732454 -3.14947901874099e-05 0.00112747053441414
-0.000238306159410199 -0.00157813828569913 0.000232828915184374
-1.58359960331427e-05 0.000251046307022576 -0.000288582923266515
2.98802866868111e-05 0.000591593844458473 0.00036269702702278
-0.000182187612052085 -0.000133614941583737 0.000272331661525851
-0.000170704369821722 2.36589717104734e-05 5.32020745070233e-05
-5.25932725885673e-05 -0.00060323478085094 0.000463154734919481
1.59452631042801e-05 -0.00190913012664121 0.000364337949889706
0.000194936609292003 0.000341708265785337 -0.000555412927872939
-0.000145252004351628 0.00110140353500109 0.000319198001960277
-0.000186773512682579 -0.00194800820424706 0.000693906536659155
-0.000147254752293267 -0.00128407162695303 0.000443272662621122
0.000543832401453592 -0.000478303000331541 0.00036789672663139
-6.53635208413601e-05 -0.00046306586449879 -9.45710251969979e-05
-0.000181448469862901 -0.00137399624258318 0.00054983729585684
-0.000135907547682412 -0.000435584542880802 0.000856152140762881
2.77940426190874e-05 0.000823929534939868 0.000133919434460471
-7.65416941527086e-05 -7.40449062511526e-05 0.000344932484813818
4.3853299401327e-06 -0.000444562424368348 0.000813085392980183
0.000138315871077706 0.000670167708299528 0.000677357789240352
0.000363656595577848 -0.00016939903117732 0.00104282070109295
0.000266174164868691 -0.00137817587602079 6.41859605893126e-05
0.000268674606944109 0.00154982176264519 -0.000156570011435056
-0.000221333812352658 -0.00166364547642322 -0.000225256102857577
0.00143690562218915 -0.00302302962420116 0.0021440203654395
0.000384400445545051 0.00122588500066692 -0.000895817972639711
-0.000208992482840708 -0.00133949474592725 0.000578134282979961
-3.16903268512267e-05 0.00073858836369502 0.000293042653379126
-6.45485446652068e-05 0.000587028917564825 0.000352997108706225
0.000331758875506414 0.00131802110262066 -0.000418859358397158
0.00025901912640701 0.00128612011418257 -0.000436337479585585
-0.000137964523044541 -8.57952276724155e-05 0.000522415675522048
0.000143549050779028 0.00136623059624682 -0.000574846171865912
-0.000375707841801737 -0.00285271702563432 0.00164180239171889
-0.000114955146360712 0.000675373236656485 0.000554930892120094
-7.84760571095886e-05 -0.00130263758957133 0.00116291410969614
0.00010065411130894 0.000730079385651264 -0.000226216321931186
9.80884865413031e-05 0.00111359274774178 0.000324322580078806
0.000236312099054013 0.00105943324927609 0.000400451499722359
-0.000141978402761091 -3.97143268999834e-05 0.000308571575996487
5.83760962320375e-07 0.000321745282287661 0.000617982486481747
-0.000229292621121281 -0.0018513360989892 0.000888839214328416
-0.000481858629105503 -0.00244588699409262 0.00143993840837356
-0.000226588850753548 -0.000176969987520069 -7.39319379833546e-05
-0.000212858054492362 -0.00202787252722386 0.000391842775931892
0.000228909825547718 8.95992101790302e-06 -0.000716062752064933
0.000248167753426164 0.000353746019875921 -0.00153702587724837
0.00036092075556894 0.000953156941006024 -0.000361537181722351
0.000102948247668352 0.00158431175128757 0.000100273709382039
0.000274976039149188 0.00198816963015121 -0.000309510350797428
-0.00036535492554836 -0.00192810507004255 0.00108806633307395
-8.88852142389897e-05 -0.00155309859660475 0.000480371476127816
1.3829863282753e-05 0.00043896060240786 0.000215550010694291
0.000577948694773452 0.00162021937507938 -0.000801508750738622
0.000378630567971778 0.000956547417879467 -0.000699515810277752
0.000224068367331789 0.000764342603215746 -0.000450845391904511
0.000217923995497245 0.00143730618950052 -0.000114998089373231
0.000263988649872768 0.00175494547082733 -0.000392657636245457
0.000123576457957057 0.000498633806763366 2.28819723670752e-05
0.000533178344620687 0.00174612233291244 -0.000841516181830709
-6.60234678684987e-05 0.000668193589203294 1.98904609627299e-05
4.2233832503898e-05 0.000689769783815369 -0.000233908078529941
0.000348007871876644 0.00109523708700104 -0.000931582182992694
0.000417537524741786 0.00030342317116258 -0.000739339643490598
0.000310135221792027 0.00115830858342582 0.000292606620261486
0.000718789953410796 0.00156306023998577 -0.000604958975422936
0.000263985212280523 0.00197373577731686 0.00010476992788236
5.47429122015527e-05 0.00144575380498473 0.000597263116897467
0.000420756215707739 0.00181352512093352 6.24742519628756e-05
0.000842277347862449 -0.0015834392217427 0.000483988973086089
-5.95674846634538e-05 -0.000773458875704999 -0.000104562521659068
0.000330467032467769 0.00045480962726987 -0.00106804349624373
0.000110013226812519 0.00117219551189645 -0.000349960994127847
-0.000109223391990434 -0.000161108084545318 -7.07244887356838e-05
-0.000124426923851693 -0.00220485803105285 0.0010103956234873
0.000464802129761227 0.00138164857114559 -0.0012543497139
0.000257400131453098 0.000595372759374519 -0.00027898219563765
