0.000249024506954487 -0.00102939419523689
0.000269592132010397 -0.000785768001539727
0.000535523178306184 -0.000938824444087999
0.000198662001985247 -0.00106109978744717
0.000288031076334153 0.000181406193500634
0.00016714680587254 -0.000190483588069747
0.000243752111871789 0.000108940187708948
0.000150859936009074 0.000121665536765764
-0.000397065140917035 0.000369988264850412
0.000145884700029571 -0.000980468711686751
0.000146505972295705 -0.00152922270708579
0.000158528839159375 -0.000795191512363183
0.000595491278246378 -0.00143573989716548
0.000353327335761754 0.000250834092143687
-0.00230214289698437 0.00632138956531913
0.000411166847966349 -0.00142426041035127
0.000902702709679558 -0.00152848921657321
0.000282432918131175 -0.000487594269218636
-0.000265881022419432 0.00017574667164034
0.000324934290107051 -0.000653417458966057
-0.000132379843793637 0.000794694147569102
-0.000151817306939227 0.000565948636881622
0.000385576112766885 -0.000841292159389325
-4.7242685297824e-05 0.000225440176996321
0.000120514249786841 -0.000240069007072573
0.000174211116218111 -0.000229439434183472
8.70434602858514e-05 8.17753725048556e-05
6.75155534257691e-05 -0.000101383017778097
0.000455149925906896 -0.000869886380228333
0.000125224354435639 -6.99548367141316e-05
0.000104097279307594 -0.000296968756953248
0.000231027372538267 0.000165738223963656
5.3587113927059e-07 0.000407689944075585
-0.000294171191323394 0.0011408097179438
-0.000175527379255479 -0.000418852494583548
0.000259891771797532 -0.000409878337133688
0.000241512413276179 -0.000351618441911199
0.000213242501592013 0.000215469913176769
0.00019946939081534 -0.000287643167811793
9.51308947895793e-05 -0.000560905648539625
-0.000224026259380998 0.00125446569699033
0.000247434965334083 -0.000418090381217179
0.000240464978843244 -0.000443363146827368
0.000538582022200831 -0.00160059444033523
6.17769322168737e-05 -0.000168005839856021
0.000439445895807335 -0.000265240381502838
0.000466115718981757 -0.00147556659549632
0.000184486663997489 -0.00147029893012584
-0.000310920946398545 0.00105391545079908
-0.000705382408294272 0.00187620903182273
0.000181934884515283 -0.00100275810324541
0.000210610175807483 -0.00041994176714704
-3.61784151577071e-05 -0.000882871479800057
0.000332728068171484 -0.000852060030725316
0.000213642962303348 -0.000152836229744896
0.000366626605959432 -0.000756908903830135
0.000322101992048267 -0.000938606642767519
0.000248739270105817 0.000360220573089169
0.000364955745429495 3.79433675801993e-05
0.000212350770726855 -0.000167717691092156
0.000383248827515135 -0.000932922393850492
0.000515626532018178 -0.00160698470720001
0.000189079841375258 -1.80895326805424e-05
0.000406291911581275 -0.00083645440707476
6.60183511497724e-05 0.000727836799912681
0.000515729782841899 -0.00105682688918035
0.000194456334721343 -0.00192213288112488
1.0247684796557e-05 -0.00023582696984297
0.000135566508750778 -0.000737369179386031
0.000251620932364119 -0.00144718344669521
0.000531908322072273 -0.00114123034575337
0.000283909394850992 -0.000641304461953725
0.000304330762199912 0.000490645337943857
0.000254262070738366 -0.000528603320730017
0.000168970927416145 -0.00151928018795435
0.000444832799451033 -0.00198782670173241
0.000184010273154629 0.000110086897408819
7.06223109096571e-05 0.0003804932861999
0.000228847148569808 -0.000826153449028086
9.38782499679231e-05 -0.00141781680428871
0.000243818143351531 -0.000999694476616507
0.000455445013163196 -0.00107936086804515
0.000503392170583121 -0.000135732209770764
0.000176961624797367 -0.000540134148710526
0.000140764538409938 -0.00155059117280621
-0.000944878580226519 0.00221322650585852
0.000404531999690908 -0.000190586208732018
0.000118751646988743 -0.0002047832887198
-0.00042665257821467 0.00139547009620287
0.000457800618606946 -0.00127731784683469
-0.000505151542726757 0.00187108720738187
-0.000105421256801706 0.000166508440173057
0.000270040524561081 -0.000824928566146786
-0.000591820899447687 0.00181534360496761
6.28392118881387e-05 -0.00111184443086721
-3.56721184295593e-05 -0.000862795298275915
-0.00135348534107539 0.00348150200404793
0.00023149084562393 -0.000636470373889967
-1.98698961744742e-06 0.000775608898092935
0.000243727350314412 -0.0014955060746784
7.33483560192378e-05 0.000129499152184088
0.000280642112332323 -0.000754408097881979
9.77545768624421e-05 0.000733207257916564
0.000402060914203806 -0.001469445427118
0.000292274078862541 -0.00152679710716516
0.000324001093272555 -0.000903551300148104
6.92197743665185e-05 -0.00102233987215676
0.000337391040153102 -0.00112301702044523
0.000543665455801114 -0.001177307040109
0.000313256982472979 -0.00179253943875799
0.000235216701721273 -0.000775184257506069
0.000344218506904373 -0.00134983898223235
0.000604316771972107 -0.00117467080140303
0.000135790136566992 -0.000151071624551448
0.000115516952547724 0.000171855708812426
8.94793723636664e-05 0.000479710921726421
0.000568842220278925 -0.000703562198241898
0.000133587531284596 -0.000214782773292051
0.000471409084146846 -0.0010316232432556
0.000330037450085278 9.28634121294384e-05
-0.000630131630003602 0.00207040703374315
-0.000136663283469125 -0.000490964494360412
3.8348920680015e-05 9.97215814873863e-05
0.000205813138758165 -0.000499069584964345
4.02445484129053e-05 -0.00122321341241259
-0.000208015006896954 0.000529957551608111
0.000365379360875736 -0.000754585941567721
0.000432035703283207 -0.00119791269421905
0.000315893831248858 -0.000777094105009942
0.000333796345443727 -0.000451144058728517
-3.29959982503829e-05 0.000284693595421414
-0.000396359869891273 0.00144145446047331
-0.000989334083705012 0.00224077968329325
-0.00210951950419249 0.00567835078765903
0.000281166130166558 -0.000499111084906743
0.000587189704014952 -0.00116182659134945
0.000154242204207708 -0.000297524563851058
-9.74930688647404e-05 3.07843814633147e-05
0.000330128442482133 -0.00094760316201795
-0.00218333977065656 0.0061016039330422
0.00023300726558894 -0.000921045287197891
-0.000241611302898776 0.000904636097417197
0.000334268743072945 -0.00202868668054154
1.42841485647005e-05 -0.000617457877742363
0.000429619181411274 -0.00106273634743891
0.000239422882806935 -0.000889473468083315
0.000220515740870474 -0.000447118145184151
-0.000679219085824566 0.00184150108357666
0.0003859683041971 -0.000398452102780234
0.000425871434296209 -0.00130287039379969
-0.000575740739379041 0.00158214344037171
0.000284672829402563 -0.000358419432297112
0.000348951083960125 -0.000847949667988603
0.000310850584553443 -0.00135483139602243
-0.000692830395784602 0.00174647645401292
-0.000300005694281921 0.001202900814921
-0.000488573209063247 0.00135171411436962
0.000402153742480913 -0.00104048142406393
0.000322203326088935 -0.00117172640727281
0.000134894729209751 -0.00078985516613354
3.00541584223067e-05 0.000534081163066979
-0.000254495581496357 0.000861802305708014
0.000248822798830827 -0.00098814737098944
0.000200301788238584 -0.000325630646258512
0.000127689598810235 -0.000627455833082472
0.000126316033245564 -0.000910123813514419
-4.22261639331455e-05 -0.000409172357983901
-0.00118165514359352 0.00321414668618109
0.000526603254159569 -0.00101215486907937
-0.000605684276774123 0.00166385265044028
0.000303094034767195 -0.000457537712302532
-0.00118032963183914 0.00312701768639975
2.3689729310614e-06 -0.000302158695323247
0.00049631733099977 -0.00113086760266987
-0.000766484694093963 0.00250679861780718
0.000348703099741136 -0.00115140538414774
0.00020202838806918 -0.000597884257164977
-0.000157944268685412 0.000230144951373655
0.000421160605913593 -0.000959762771131987
0.000320907313559102 -0.000175487106230657
3.7396353819154e-05 -0.00127268555858328
-0.000440652154937254 0.00131755671796007
0.000257048165629438 -0.00101940824363441
0.000335340602894543 -0.00144064738548538
7.82899462714065e-05 0.000594318960769405
-0.000957554856834888 0.00283636569883084
0.000192819323724875 -0.000608474165746134
0.00014556516202857 -0.000534068947605122
3.90444908882619e-05 -0.00093804921812857
0.000339981092438679 -0.000388480440373771
0.000359854484173468 -0.00102896409661762
-0.00112509129789247 0.00307724356362173
-0.000596781031913446 0.0019435727421133
-7.61228436016469e-05 -0.000762056499607391
0.000460369406878121 -0.000848610520060525
-0.0013929012135482 0.00391581523555958
0.000160851761418025 -0.00171224327462469
0.000336225843283131 -0.000870517191614665
9.10439443760037e-05 -0.00102644735404777
0.000332493236961985 -0.000951942907492476
-0.00119336687539166 0.00332897505429989
0.000119380824919633 0.000241587632459384
-0.00023519379869572 0.00102068768439113
0.000329192247169233 -0.000778422537205252
-0.00119713356353382 0.00305188838248281
-0.00109816885339609 0.00281999495949244
0.000251161193189507 -0.0025836007189625
9.7791841008688e-05 -2.66332811563187e-05
-0.000387900653839876 0.000567553225348206
-0.000659110395194945 0.00160988894655166
0.000340834404619433 -0.00117622229674652
0.00017234755084375 0.000322148387696089
0.000355399711226735 -0.00106622090862131
-0.00125179221317267 0.00305045174256809
-0.00105736756228515 0.00250973062893139
-0.00220771110322822 0.0060010480169498
2.2338997623318e-05 -0.000820181593914918
-0.00014580734216388 0.000949955195507248
0.000208821534152358 -0.00172410334029396
-0.00188723708847761 0.00505912681944602
-0.000693113543507164 0.00209446972582788
0.000134706448414699 -0.00125435555215298
2.7320283451165e-05 -0.000484491553209569
-0.00189990665826396 0.00524624795482484
0.000355635230484398 -0.0010172251714135
-0.00202481440913597 0.00537526103083088
-0.000599813967328372 0.00145311693651447
-0.000357038559739334 0.000763738325187832
-7.67714579187185e-05 -0.000362568063818914
-0.000907392515115787 0.00231168742157225
0.000506626692061866 -0.000338608265807395
3.69491374890978e-05 0.000319902578369096
0.000143111271922492 -0.000432445625388329
0.000194525731402198 -0.000322203281796963
-0.000606821933160236 0.00173739229651585
-2.78243458343583e-05 -0.000889156715097687
0.000148564109503436 -0.000861700608741638
0.000496308369190875 -0.000316767166113757
0.000507022588600141 -0.00167614870656052
-0.000122760829165973 0.000292224040973198
-0.000520529344199479 0.00172521424046146
-0.000789085278745275 0.00222289449721833
0.000332187768845759 -0.000956062505251781
0.000244163173859655 0.000260389082373149
-0.000389329342616388 0.00116388830062772
-0.000153550682062527 0.00060026882555593
0.0004660836012985 -0.000928059375875048
0.000210775954068239 -0.000324619480432685
0.000361440993806082 -0.000129975753217612
0.000343630869686357 -0.000244888388236466
-2.14449297872159e-05 -0.00100136597222403
0.00049883582925764 -0.0017798610025866
0.000364512723652269 -0.000925397970398754
-9.69888814696598e-05 0.000780467798935255
5.14563906278148e-05 0.00017235975591172
0.000353265971702217 -0.00148921377345017
0.000267524200843906 -0.00052309526554827
0.000373733249396587 -0.000904601570232139
0.000169876037945283 -0.00133344999468562
-0.000598504545772425 0.00114641043864046
0.000351645676113805 -0.000956871528643882
-0.000561350029948498 0.00212350290536874
0.000240178122459841 -0.00127885835189283
-0.000215645291450038 0.00040130333342032
-0.000546268240253648 0.00162056620968431
-0.000113512346163876 -0.00066867705836178
0.000301096608742627 -0.000993233299797332
