0.00984567128307632
-0.0183657301632577
0.0627635767726502
-0.0232446150874307
-0.0364977057916194
0.021011100029244
-0.0322439309779673
-0.025859346807294
0.0632859858216629
-0.0237682505432233
-0.0693417671388069
0.0124477178648506
0.0209854186966176
0.0394212606878966
-0.0410593796973868
0.0106030731137677
-0.02754804654956
-0.011118088242573
0.0048063220407771
-0.0113616654923454
0.059936210645179
0.0522035120981709
0.0503015636437853
-0.0365701184625368
0.0199183098278946
-0.0108812397850932
0.00569105462916212
-0.0575135701330588
-0.00491559524226259
0.0380846383786957
-0.0164338288113063
-0.00798915241577946
-0.0448861024852308
-0.0176462275115264
0.0233281039656629
-0.0185433770253532
-0.00368290342726773
-0.030658249766776
0.0532338490522843
0.040755938512434
0.0447620778700659
-0.00767078339213574
-0.00402780447510597
0.0673102920000979
0.000266526027993943
-0.0455854685864516
0.0520605848269548
0.117369580716154
-0.047404472688152
0.078614027080167
-0.0390753888919889
-0.0129097580862588
0.032693942349502
0.0200662601045044
-0.0521788082640265
0.0245340863036087
0.0393285034632207
-0.0599980524091732
0.0206191834596317
-0.0114673799301436
0.00689099740195192
0.0265488739758753
-0.0666102976489775
0.0431129107723651
0.0483153029784397
0.0443535411751976
0.027918174694382
0.0264915789875265
-0.00478704443618588
-0.0261128763549442
-0.00328708523467403
0.0320688032025547
0.00286570368704937
0.0579455343979128
0.0202835824082242
-0.00226014011659007
-0.00427244311495045
-0.00906865147917419
-0.00303287370098784
0.0363793318099315
-0.0171148210119184
0.00626948858026721
0.0374657727420056
-3.11365373363564e-05
0.0925044627468004
0.022315983898329
0.0263739257041844
-0.0767604030877055
-0.00399988627228125
-0.0773621030470655
0.00869917743285326
0.0878833560706427
0.0501441452880368
-0.0413731117071153
0.0129571650590473
-0.0282409769643759
0.016879234355709
0.0863576780353603
0.0511202440039246
-0.0683264085739517
-0.0493319883688544
-0.00752296174859367
-0.0537024794023308
-0.033292536079436
-0.0671410540925443
0.0128345043472162
0.0285718235925613
-0.0124321477125448
0.027586880683236
0.0108784033222376
0.0619763994188295
-0.0588758717448905
-0.0315677298333542
0.0310827886173249
-0.0706694766579939
0.0147472414222097
0.0325343514951229
0.0112272579835523
-0.0113424172426582
-0.0130706512654473
0.012159064676153
0.04416846982507
0.0106222285894413
0.0143532148430716
-0.0567272295411608
-0.0152368344642048
0.000461829191453474
0.0391010577006476
-0.00132698728692777
0.0601235719024941
0.0810386066208375
0.0217358418650583
-0.00968572514304821
0.0201434540851706
-0.100252912808911
-0.0563993727669487
-0.0392104805726855
0.0031639368968855
-0.0358308029341113
0.0486914658254181
-0.00318444714187893
-0.0026195165315814
0.00796745874917782
-0.045508718935086
-0.19067202201523
-0.0855739450014686
-0.0464519049199379
0.027874666573567
0.0269762079986821
0.0397602942682437
0.0403607630342448
-0.0182673912888689
-0.000819417782954485
-0.0314303543216441
-0.00440682074916242
-0.0231130339891137
-0.0744318141550707
0.0245230482660121
0.0040468545758291
-0.0617084460506649
0.0640045832592658
-0.00441770354250328
0.00650752809608939
-0.00471817449781331
0.0687783262092427
-0.0247576138085208
0.00489302368632254
-0.00970816140902113
0.0107842203204454
-0.0557823354820022
-0.0336288310807113
0.0413104575301433
0.0268346393638008
-0.0184479752637751
0.0720344735370385
-0.0445127288757205
-0.0396485674934307
-0.00997700736082146
0.0129966878428572
0.0778895812754573
0.0144565004532392
-0.0497722504450339
-0.0119087309994429
-0.00812560686141677
-0.0301565192916356
-0.00555069375199583
-0.0418071026354326
0.023160099798756
-0.048360009112532
-0.0963233923925691
0.0241179221988514
0.0120550994787873
-0.0104660402001607
0.0121099836006689
0.0501759741241077
-0.00625952740038014
-0.0332901412713091
-0.14106884091989
-0.00980480653812685
0.010590438137234
0.0926941349034912
-0.0691988022724171
0.0116503840424595
0.032781424360915
0.0634588447910918
-0.00101823028103642
0.00888753632679066
0.0229008844270097
-0.036163836740336
0.0461460309092353
-0.0160400046677579
-0.0648243544097479
0.0361673712824405
-0.00376980477882256
-0.0427021898464648
0.0965914323391612
-0.0281627267704716
0.0721463624104903
0.0335482163081988
-0.0653824636879547
0.0685356700468566
-0.042268808359117
-0.0714588192221034
0.0263568971566088
-0.0296101766433851
-0.107604256738596
0.124195011642642
0.0357371116720316
-0.0101313464079206
-0.0127785999248204
0.0283907906924333
-0.0184808143219342
0.00223575900576844
0.011921572967473
0.114366880234565
-0.0503707251986914
0.035614315088204
-0.0537625020503429
0.0491906683058822
-0.0154281134872849
-0.00919415868111634
-0.112432928679439
0.0397651829657017
-0.0345505735036087
0.065629516329981
0.0184856489211115
-0.0256523828277232
-0.0271280856754718
-0.0296423225587229
-0.0228165938689643
-0.00620954565254215
-0.0978779348486054
-0.0550707659432568
0.00734064104082699
-0.0217293466088487
0.0284248885328312
-0.0622599306275486
-0.0431944356106604
0.023867782197565
-0.0461582798589667
0.00846458384865871
-0.0868709402926952
0.037731659672287
0.0169625700979791
0.0149366334242993
-0.0156127734918637
-0.0653084571429021
0.0721753052758872
-0.0266658889930761
0.0397562420456344
0.0354726378043008
-0.000657338038759113
-0.0295554768394092
-0.0380380527489968
0.0527893327500769
0.037533634099399
0.0417259810521517
0.0199149438507964
0.0321729850145771
-0.0893265000032884
-0.00730730952629768
0.0760361234147343
0.0146135042148967
0.00262690641302982
0.0176602194254893
0.00231593319850347
-0.0126514937762716
0.000527532030481379
0.00573777913189412
-0.00776882244928699
0.0266818712357985
-0.0298855534343423
0.0266593528938565
0.0181802514492049
-0.0237421479878378
-0.0510301727649247
-0.00266906868702251
0.0538344425049115
-0.00920002458758772
0.0368425565736443
0.0272800174780117
0.00820389271550311
0.0284542988723353
0.00944267498030722
0.040456818113393
-0.0291178270541068
0.0242714194869792
-0.0812594036932384
-0.0582391811178071
0.0302537649749916
-0.0183805394022866
0.0583830667236026
0.0261406635445713
-0.0580161322417154
0.0232250544820499
-0.0513774101194922
0.0645075187713628
0.0218792208880244
0.0291130660370676
0.02948320773502
-0.0636922840458732
-0.0274309528582432
-0.0103193631793442
-0.167354716875932
0.0289320617033672
-0.019224993137273
0.0224172253367135
0.000475910495944849
-0.000676717724057049
-0.0788270141585772
0.0153084483765889
-0.0241769572904811
-0.0174398768989873
0.00108756695322899
0.0478257701961982
-0.0141151201717632
-0.00145685385924051
0.0259578876249629
-0.00256924201823547
-0.101908943401945
0.0389333763994857
0.0581371999875829
-0.0335139342840382
0.0431539100557304
0.0494644600122227
0.0290691758866315
-0.0650073029256024
0.00707648748655863
-0.161267738370885
0.0363952003726838
0.032241769998572
0.0463894159216214
-0.00613298715804459
0.00698656806383565
-0.0253959764758014
0.0313307603971412
0.0745998890309559
-0.0236391296985047
-0.0215544580460725
-0.0139478889428561
-0.0377934937794434
0.013688432195377
0.0129440295676829
0.0285470557890163
-0.062011752362254
0.119799597008786
0.0116312090254955
0.0621632124636824
-0.0395061134836086
0.0868683474892431
0.0307755632658356
0.0407753081109479
0.0423931374527968
0.0287929077075802
-0.052953799233345
-0.0373371901615731
-0.0151043076245687
-0.00466441446393832
0.0426738346266243
-0.0658658676909098
-0.0018999599330379
-0.0153640660710505
0.00193135235526756
0.0345346780721441
-0.00416284473488074
-0.0662916283595391
0.0299620958041892
0.00721579744499574
0.0190010078751743
0.0246979553742959
-0.0401765532227931
-0.00910657263350868
-0.00371490563815442
0.0219992832098884
0.0292901901812996
0.0564456342730275
-0.0224691861467711
0.026294074238536
0.057440557115074
0.00553815280672813
-0.0237397041373906
-0.025672971035169
0.0308192662724985
0.0501696977192997
-0.0772991206488209
-0.021905613308092
-0.0974910614254465
0.0479330874272917
-0.0401653251398772
-0.114604671918123
-0.00828175255623039
-0.0492179415279696
-0.0128652295677938
0.00726960187856746
-0.00600532581171013
0.121340161901189
-0.0408544968591739
-0.0276014400202843
-0.023761825762873
-0.000346241560047337
0.0419409931596863
0.0271775123371223
0.00697441176523556
-0.00510236062147574
-0.0128722960381091
0.0487112903325431
-0.0308395378785215
-0.00190826198548185
-0.0562683540389483
-0.0817493079828484
0.0353954564413211
-0.0551032638524595
-0.0228946493399721
0.0164727622855116
0.0346278088108168
0.13047075750384
-0.124967809442508
-0.0569934801763458
0.0372113089211856
0.00915708979859398
0.00815583169727066
0.0350133497954253
-0.00758179711616445
0.0321132954840421
0.0998423833786517
-0.0391616048060133
-0.0245921169431131
0.05032463367655
-0.00137189658835336
0.00291127263829587
0.0239024069730201
0.00556719578380676
-0.0985049054433377
-0.0148549398075876
0.0258770507541889
0.0218618061232262
-0.0843845631873261
0.082246199419068
-0.0297026390356597
-0.0248884475838543
-0.03346341006737
-0.0230953160281772
0.0817003269081117
0.0195524722968351
0.0742775914411594
-0.0337693978728786
0.103679744988013
0.0187324281455291
-0.0280199740971819
-0.031360624563033
-0.018953943710284
0.0237920050448301
0.0605656195158956
-0.076822087008247
