0.0114329791012695 0.224761141745265 -0.0308573126454191
0.0694952119453954 -0.0436388104168573 -0.00593062718902718
0.100656597153818 -0.076691740278798 -0.00296009875589054
0.0742694258322512 -0.0785108379433365 -0.00267704799090375
-0.110935794841813 -0.0669036994936821 -0.0437409868614828
0.0763547804003139 -0.01120251093069 0.0314627838371643
0.0918513211321597 -0.0612900342141682 -0.0873276369651893
-0.110089091564056 0.0808753274185961 0.11959689484188
-0.146707510783396 -0.0308991715351771 0.154862664797109
-0.0562067128033442 0.10474073923034 0.105678944576943
0.092195687602592 0.0406014130764387 0.00192246618911368
-0.105572991866227 -0.030436099652307 -0.0826006222253212
-0.170993688844642 0.0129645825731925 -0.104515243335977
0.0891111000322211 0.0391253277923351 -0.0210678872251077
0.0572496956459562 -0.0281682725698126 -0.0355626151239537
0.00932762592935323 0.181864580444359 -0.0106254841920844
0.0196775607793714 0.266148610312384 -0.0638099671177847
0.00840562676497049 0.0676644286795978 -0.00707505060687703
0.0556675126610844 0.0973837166311297 0.0596829057763747
0.0924790805814613 -0.101765760099428 0.0575534429047584
-0.191291921719656 -0.130849677575921 0.0445760562371005
-0.119745139131863 0.0518028476797242 0.120014154192357
-0.0482447670552399 -0.0868855424541761 0.0993881202546867
0.10993569975051 -0.0802591853726138 -0.0709887949316956
0.024293728294781 -0.020057104365227 0.00240532548227431
0.0566710101296473 -0.0203224280736145 -0.142986716709493
-0.20595605500249 -0.106022510092199 0.0823560610266741
-0.0661408099872954 -0.030466510435803 0.102962248334126
0.0866490352613214 -0.0181427395878344 -0.0379547563329106
0.0653904090295077 -0.0400209545706775 0.0382301604951533
0.0308860223544076 -0.0979656792179479 -0.094331997810643
0.0510453609171214 -0.10912918557415 0.0651482119549285
0.0381141838170605 0.00326513989908206 0.0441755154095364
0.115112719415606 0.0934299079981527 0.0105811480382985
0.065103087617424 0.00127008611251466 -0.184154817140355
0.0981735415416467 -0.103547737119307 0.0805858052138808
0.0242931853065444 0.100790847870889 -0.188850315874272
0.0648158562046753 -0.0269826246655956 -0.0878578536179225
0.0615895499901554 -0.0456326314369405 -0.0586397494745432
0.0852442513559193 -0.123749890226344 -0.0272744260619249
0.0921146158737055 -0.0589715354802678 0.0139169959072541
0.0692511437213743 -0.00846067458766104 -0.00852682912753187
0.0115786730694257 0.0389998593248511 -0.0482269246400804
0.11607996966455 -0.0695839027932161 0.0752372800288021
-0.0226461206794246 0.210991967628238 0.21182427719303
-0.10971707019013 0.13385715562898 -0.254973353312226
0.00599028561582393 -0.0423912350465003 -0.0269867107899568
-0.136653262693675 -0.0191183428147348 -0.0914853915079836
0.0105779939382995 0.19115854427423 0.164334566381511
0.114508125925838 -0.0367846449455575 -0.0787377042644661
-0.143540496034439 0.0653372689248696 -0.15689570638955
0.0746085570552837 -0.0055917002030363 -0.0338247287284979
-0.153858775378645 0.0673562255104866 -0.137717727961138
-0.0346898775975939 -0.149671041679011 -0.0548792713486396
0.0785551091319488 0.0250856308242675 0.0480491738684047
0.0895101519634749 -0.0497632180429412 0.0423835336558629
-0.054039145689612 0.015181077731539 -0.0136179977002866
-0.143815577184587 -0.087767382967184 -0.0998167458234911
0.0425610370769008 -0.0884708965423899 0.0459025810697112
0.0788732713914113 -0.00121241887069029 0.0210923503251876
0.0777229101924083 0.0869238581700426 0.0239434413142552
0.0196528540036443 0.155742843653677 0.0762434883954561
0.0534949763415264 0.00768083132477955 0.0619625506411113
-0.123308980612858 0.132546724648893 0.0919257682546926
0.0889242804430942 -0.0439528006402748 0.100863790139283
0.0606697133520564 -2.82788971149155e-05 -0.278117524287584
-0.0952733949852183 -0.0849144389892391 0.0506559233047396
-0.0721276384378663 0.136030344239187 0.0358870232608223
-0.0315965003821158 0.0884874424110999 -0.104507362867916
0.0504698639482584 -0.022756041467848 0.0282779988730003
0.04503488704951 -0.0886131312414096 0.072095059040834
0.129886240169875 0.0279326679365403 -0.020787950369393
-0.0196464373591648 0.170771990492075 0.113111504147788
0.0615662279718873 -0.0139963928478363 -0.0423854883596579
-0.172788329658322 -0.114102787391131 0.0565632901149062
-0.094999617151904 -0.00728237327111026 -0.00338441761018822
0.0820620858020186 0.0254322227527512 -0.0639716526667028
-0.0833961661226014 -0.0578738812416648 0.180143476467021
-0.176826784929661 -0.0631603708457236 -0.00446870756622653
-0.0237085114092663 0.00389893239852476 0.049230778164022
0.0331161319201052 -0.053307171966145 -0.0876796239738351
0.00995632124540126 0.0388906942286531 0.0853478185015659
-0.0432165361911976 -0.0521182472339248 0.127602485814798
-0.111242333689518 0.0813261014051143 -0.0206840173608762
0.0253193505845186 -0.0566134302292981 0.0458245686325064
0.0735450787366343 -0.0813012546891883 0.0611145300163288
0.097241187544478 -0.0683436924401339 -0.0107134903351982
-0.0143082427921311 0.0130715969471126 -0.148685923144395
-0.157653380971196 -0.0106065627200372 0.0865065840187719
-0.203240387181315 0.0455725024449131 -0.170039068324561
0.0301676933067744 -0.1004499500637 0.0320996843869104
0.0410084885070489 -0.013220839406101 0.020642582505231
0.087684466708765 0.0149366034519913 -0.104081923835947
-0.0154746375512333 -0.194843852446332 -0.0534790599115291
-0.132031379490247 -0.0597060892291395 -0.0913079616153784
-0.123886725926571 0.00236917546293484 0.0744295735624653
0.00892734302538199 -0.0303384713075474 -0.000791495843163527
-0.181798785841623 -0.100810155113295 0.00988121060938034
-0.0274586095726079 0.144625063650949 -0.026750812397273
-0.16575510086006 -0.128788003523239 0.10694823804408
0.043716567915912 0.0172356233062037 0.0865091688611665
0.0993185748653015 0.0238939224883108 0.0548138852689816
0.0888099041101962 0.0496255406275348 0.0293508682383292
0.000803087840330814 0.24058430312547 0.0806604355861658
0.0799491479805672 -0.0213780519738237 0.0673487311492807
0.0819185480686442 -0.0569644777873048 0.0639261400767594
0.0632873623051159 0.203491804928867 0.000513193365426335
0.0370203907113688 -0.0152345630077104 -0.0847309602279892
-0.0281245961265484 0.23188853209107 -0.0109330330023011
-0.0171267874031455 0.0410195220517254 -0.14442360480469
0.069562052386007 -0.0706735562285316 0.058451804284967
-0.126498672776498 0.0358094109422117 -0.0693563953493323
0.0599909147676615 -0.107721263282464 0.0436333118517295
0.034203204310784 0.0359520624253286 -0.0969615843027723
0.0951473696322833 0.0305656990698915 -0.0145917189079235
0.0223165265408244 -0.00691756026481718 0.175551685207804
0.0791167098260848 -0.0738463191003271 -0.0494337690540072
0.0629077580214634 0.0320565163517268 0.0406315125644019
-0.149245218887802 -0.118118099092408 0.099867994762539
0.0487883688839344 -0.0870195442309695 -0.143543904306258
-0.155675910078279 -0.021449827449841 -0.130493186485062
-0.0273947364197863 -0.0623954828427279 -0.0787045886737708
0.0462790617359841 0.0648557348115247 0.118216670123491
0.00536278012443517 -0.0216994008124114 0.0977878878234254
