0.113421106569371 -0.197201830813894 0.0556450120657343
-0.014931603433493 -0.0754539547348903 0.0770011483207532
-0.109474054024866 0.0744922811014868 0.0867566138338388
-0.101679805497053 0.11812747976567 0.0776822217343306
0.0893250691984547 0.0598870178171847 -0.105210343642111
-0.0174204548876563 -0.101307360529137 0.0684796826335604
-0.0537504493254424 0.1464786207866 0.0335845371897066
-0.0330718506131228 -0.0493481909848652 -0.113756488402846
-0.192501184665686 -0.10050957143167 -0.223800522567051
0.0206669946717166 0.0693269588638412 -0.030171617901318
-0.0106856016069563 -0.0823816332191121 0.0647175442647221
0.124520582718847 0.0838760632363813 -0.119093259042875
0.0373806594613767 0.0355571657464278 -0.173134079714035
0.0449865077526336 -0.0920046865476717 0.0748607315606672
-0.0481520193582059 0.0333431418099863 0.0635510586609092
0.11168459190028 -0.174372022086962 0.0589773434864224
0.111205475386012 -0.166937383382113 0.0707824179700555
-0.0199258120554214 0.0833753774890307 0.0385256719978549
-0.00511691458140882 -0.0529375784676119 0.0654916327095733
-0.1090760606371 0.0943442035684603 0.0821940507362916
-0.215131595333788 -0.100893980293713 -0.234543766656668
-0.0493033733856978 -0.123283178917861 -0.124157882638799
-0.046518258601159 -0.0848791621730343 -0.0977848763303018
-0.0136009503746644 -0.0101472713749372 0.0607374732695539
-0.0521373039743275 0.0860407496643828 0.032220700711341
-0.0287809662423176 0.0854549662327132 0.0588364130549237
-0.137166422893798 -0.095271808760227 -0.19186700154767
-0.0958986640666541 -0.000945207827343069 -0.121853415791539
-0.0462757103777774 0.0297376376993006 0.0699015058347594
-0.0392859643867749 -0.0196416436835242 0.0716533810665647
-0.00256998436465991 0.0119754389212931 0.0574981067057083
-0.0620603494658351 0.0357813709216312 0.0753512264673782
-0.00169065900860847 0.00411208902413722 0.0575002475091243
0.00530607663121945 -0.0700922773410011 0.0813668464175253
0.0236762453037305 0.0734860453634271 0.0446792914202662
-0.0642254995207239 0.0562154959133615 0.0673478144406867
0.0622886765731169 -0.0888834504099518 0.0358930337412165
-0.0874972635601539 0.0978862340936202 0.0736434565167567
-0.0431374607654821 0.104643144646725 0.0450530394678126
-0.0335668740937094 0.0255156221211585 0.0512194055625842
-0.0395411861158556 -0.000709565863872396 0.0741184076113402
-0.0697075986912752 0.0126500996467992 0.0700950418071691
-0.023535907225584 0.0663135267454574 0.0343189675787533
-0.0178108750033582 -0.0787082506056978 0.063276164840364
0.111104878932151 -0.156319078710685 0.013485298327545
0.239873514029364 0.11584576133104 -0.0992667874102969
0.0361428874644416 0.00172154504088476 0.0171431191691197
0.142634798450007 0.092540936694744 -0.123449241482432
0.10661689615944 -0.200033319070254 0.0529664268642772
-0.0625403423727626 0.111279405907659 0.0654772632754676
0.293740668922664 0.128531135807488 -0.121750822293268
0.0224089612398427 -0.0285347614266042 0.0548268072127211
0.267110231793124 0.130017857206852 -0.125348873626914
-0.051559133847057 0.00597424583906392 -0.0713885615622003
-0.0641913325821298 0.0486470179285194 0.0690330607450879
-0.0117463568660244 -0.0669670814726517 0.0748872339412292
-0.0126366932139497 0.0759581394208254 0.017430189131232
0.162332290273597 0.133481368829426 -0.118534454378025
-0.069233514473258 0.113642622517349 0.049391246614551
-0.0448187775399026 0.0214693569499078 0.0765356425295374
0.00325473480312624 -0.05523856613768 0.0727831606969213
0.113738492856861 -0.19446913412164 0.0531013090079741
0.024879919812432 -0.0531584386297031 0.0610242176895476
0.077139409818823 -0.103094186564501 -0.0763317014507361
0.00712088041537582 -0.0507458614200963 0.0480585298928714
0.0988293769865249 0.0926309062401569 0.0143370022775256
0.0585580262562742 0.0565811231964959 -0.101174014628178
0.092728467386775 -0.134475579360711 0.0111237958454206
0.0531400142004227 0.0746326217815155 0.0219461170968761
-0.0277525867417034 0.0815531091009764 0.035091237439629
-0.051203715990473 0.0448679198089872 0.0573094523293485
0.0437501230905313 -0.0765088887215932 0.0521795758135214
0.136050086298142 -0.135862630921819 0.00359453595213568
-0.0599153828776249 0.07458612432179 0.0635474284389411
-0.144223192925529 -0.100877194133902 -0.20025519384738
0.0945175026460953 0.0549825538479065 -0.103924316963355
-0.0324902756010869 0.050702203710742 0.0682770441596689
-0.0675307434967734 -0.0470571138444664 -0.0876186810113639
-0.0583717073578211 -0.0319699120206436 -0.179285023653295
0.0333850197007181 -0.00110163552049903 0.0117806605609891
-0.0163588624685983 0.107086372874415 0.0278834813033348
-0.0124151807750902 -0.0803903838306358 0.0499409562239158
-0.0310420712239712 0.00906967846319426 0.00790847143463194
0.0443862986083441 0.0717871452157911 -0.110799196438762
0.0414344381564377 0.0778737949511543 0.0135108587708043
-0.0285910985461296 -0.00255818835951535 0.0336208164771188
-0.108571243802544 0.0547209272575392 0.0694001559375172
0.0188439725718795 0.0820467322012482 0.0101856129591363
-0.0818547388865207 -0.0941787484005613 -0.149483505793324
0.253213122725479 0.12031902742512 -0.134041331887794
-0.000940710947206708 0.00371050639664397 0.0301854314698146
0.0181755353826681 -0.0721647562275196 0.0675081969751468
-0.0628309508328719 0.0652269252928312 0.0718479768200725
-0.0030339627268148 0.0695370220654688 0.00389699745779151
0.143248982503456 0.106837162595543 -0.130829090357511
-0.070119132069234 -0.0498977918617903 -0.18052299296494
-0.0420396877094584 0.0364259129386092 0.02082920253499
-0.113060444405042 -0.0800204546525478 -0.174706703048738
0.100388294349489 -0.126238930548226 0.0507197792561636
-0.189153524689615 -0.0767318185318485 -0.227783781360797
-0.0259678366136668 0.0139587345472062 0.0543509563837356
-0.0678544826125757 0.0230106209223441 0.0861421162060123
-0.0771083354904222 0.0436044907219203 0.0835779733752302
0.150275917560319 -0.212325115183247 0.057019912588261
-0.0440798036474992 0.0280646949991753 0.0631286663422024
-0.0207072507496279 0.0251944995291437 0.0496205854139546
0.0392885925032096 -0.0612001626316246 0.0572506722340821
0.0159500326785515 -0.042471717655118 0.0675740350596236
0.125025529540758 -0.190911424088283 0.0493778528383295
-0.0293628622997086 0.116963952824235 -0.000785042548284685
-0.0826828160423012 0.0804136751362968 0.0572198175434584
0.00780216100914903 0.0981303696693857 -0.120524829132085
-0.0340729140064534 0.0240686507911691 0.0623384631138818
0.0115523211590011 0.00860451958965066 0.000800250261420287
-0.0380704283888966 0.0624476811151102 0.0567624014814435
-0.00706390182057635 -0.046517937064851 0.0279002968947719
-0.0807572434541229 0.106712654672264 0.0651881079316686
0.00662405745468891 -0.112763354602827 0.0653671043418118
-0.200082161001299 -0.0967495190146403 -0.233006667995095
-0.0484569044434333 0.123603962509039 0.0554744254259453
0.0335724348054941 0.0682910808585441 -0.16390246996474
0.170546833063541 0.134492544839738 -0.0613225101423554
0.0260001568672202 -0.135910807109211 0.0646281082584555
0.00226259530699446 -0.0687915578370031 0.0390160793677395
