0.0410698825174025 0.277743799897082 0.0209539708490043
0.0562463136314137 0.00998653698324738 -0.0195238138197334
0.101645984806457 -0.0396879516205263 -0.0578921055978236
0.0540495520364039 -0.0898366231527537 -0.00761158811566223
-0.104671960754574 -0.0219025744495525 0.0794284120716697
0.0599016519053169 0.0342148947804858 -0.0440250250740105
0.0448065843202386 -0.139074789957367 0.0389004801723543
-0.0835548690424244 0.124388578275123 -0.0176672407950944
-0.192660861915132 -0.00504219491681912 -0.209793503312838
-0.0485772280500314 -0.0503225530417948 0.029562373430129
0.0776561314683419 -0.0202612910323805 -0.0252958210343331
-0.124738491291943 -0.0487198883851242 0.0976946028863915
-0.159738444856261 0.0102279606380504 0.03177866546888
0.0724079999739102 0.135139508915759 -0.0455516517739602
0.0430408576573374 -0.0686875135020724 0.00192145618812844
0.0362086624069865 0.185295313496567 -0.0151789738858145
0.0824918086203225 0.281566107807086 -0.00630336194520046
0.0234719617465448 -0.0681687130223063 0.0114077970373253
0.0838538060748154 0.0498603411914966 -0.0164443825646616
0.0827760215587684 -0.0675281449571159 -0.0684175484601885
-0.213502534381778 -0.106241330141148 -0.246712799864826
-0.116803269051144 0.126941278574745 -0.141836064143028
-0.107370653122199 0.049980161821974 -0.109487708970686
0.0527648601644779 -0.0597352832980829 0.0177541041507341
0.0247406183570791 -0.0478867417338398 -0.00597629738043073
0.0409237941496281 -0.0583054205101799 0.0507598028141902
-0.198642053676413 0.0233117584947103 -0.238251918287947
-0.0583631299111803 -0.0106360586777232 -0.00203282785726844
0.0692382071016798 -0.0362273525848076 -0.0266190879980789
0.0692348227383589 0.000620717666457497 -0.0326523317311686
0.0472964065970888 -0.0478090858160506 0.00768951149339719
0.0584780567068102 -0.0335962509108563 -0.0367224135622595
0.0378122029455682 0.0362836903778129 -0.0162114140774205
0.105837522938237 0.0915785545842206 -0.019804658712048
0.0508760620365642 -0.0559059391911007 0.0898739948017526
0.0604463616839485 -0.0701194440000016 -0.0397586323120448
0.0189146744612506 0.0519622353548195 0.0889839286660824
0.0772041359424719 -0.0518130423411246 0.0346696951038229
0.0581695206310631 -0.116266777270254 0.0231200790276599
0.0373065496285475 -0.0656326116626774 0.0104159720429767
0.0659820550470472 -0.0507478403587675 -0.0192528400668867
0.0895299180494821 -0.0298873022874791 -0.0480742677464933
0.0323525250711167 -0.0404661603688777 0.0415083642820345
0.084798449889968 0.00194805953989639 -0.0506785099705193
-0.00689564389119652 0.196083515406685 -0.0267791468933587
-0.157692967405056 0.100539445642063 0.314316538327329
-0.0125840760133874 -0.0475326411961594 0.0327407424496355
-0.128826928885862 -0.0435685938268936 0.112268433176794
0.0410110940149516 0.224900191005172 -0.00805169713754016
0.0697729344918397 -0.094427936478358 0.00959593187807716
-0.19146030295024 0.120332504821527 0.290866982325649
0.0537012791349376 0.0234412416816483 0.0313446176886618
-0.17042955867585 0.104780140126297 0.24267276128289
-0.0170377389631446 -0.123229484469421 0.0855345629129111
0.0858248834227691 -0.0300642185506221 0.00453346158107119
0.0860966605240478 -0.0067975321908047 -0.0319306289821625
0.00174084905495273 -0.0613626631150246 0.0149200167490522
-0.133975119479394 -0.0844433536232334 0.115585992935489
0.0243516937616326 -0.0907356673684641 0.0174829407800662
0.0626215519533806 -0.0290767935984941 -0.0171514549306803
0.0965532152704545 0.130224725763752 -0.0357513526261242
0.0433937242907662 0.160279360167497 -0.00928235722665884
0.0457907402719733 0.0788422040552153 -0.0241210397195412
-0.0941990520267151 0.15937789219798 -0.0728915486318913
0.0396818282276307 0.0527885805344341 -0.0532382486602121
0.018256059136681 -0.0295016689042236 0.155468135403217
-0.0936147705992354 -0.0443554645235495 -0.00281147053872635
-0.0331407714388926 0.118594438448386 0.000573635815969593
0.00867376989754048 -0.0236928975422294 0.107866779601272
0.0357708724588745 -0.060808146620406 -0.0272421948213747
0.0331334401441812 -0.0466727989524981 -0.0515708920953698
0.0896048954347513 0.0675013721906241 -0.0401512802647116
-0.00860663726230534 0.19935798495401 0.00671677084003075
0.0476481138486409 -0.0643883328792698 0.0113735903988025
-0.195445230175174 -0.0287612958583941 -0.163049199153665
-0.0890276449619144 -0.0146631748667367 0.0545814720195587
0.0662805510952856 -0.0306515104877457 0.0195562693738526
-0.051600536270767 0.0498220500880756 -0.0930717248530933
-0.169827065140237 0.0109940848422329 -0.151339039094759
-0.00808403053335526 0.0289215096376341 0.0178911182004434
-0.00161282688252727 -0.147769431098663 0.0495352916365403
0.0371412078745388 0.0149794751355043 -0.0324704674885881
0.0110504317491488 -0.0509896259818172 -0.0706516760654374
-0.113147521991878 -0.0515220251314803 0.085042222452254
0.00104155580404507 -0.043719560341096 0.0169450809149347
0.0524652589304896 0.0392606581806876 -0.0502916969737618
0.0633114813731617 -0.0967919908532116 -0.0455835725272569
-0.0161147927243207 -0.0808224431451657 0.0573142415663552
-0.146466237296294 0.0855006114398895 -0.14848447273151
-0.205139097543453 0.0939947738911386 0.205500316663807
0.0099466124394477 -0.0111042034205603 -0.0283254726240043
0.0470629195266793 0.0346817117146348 0.0159243622887275
0.075161924247942 -0.0511775698335715 0.0194151724051997
-0.0443226164901412 -0.0991001457081614 0.0190245441183358
-0.119652768406979 -0.0585665291201032 0.136128197142305
-0.160721477224685 0.0479684704149172 -0.125195364306289
0.000387756712995529 -0.0660154117133885 -0.0278126739925452
-0.169706327546502 -0.0155340660919421 -0.13100832662867
0.0151468471690395 0.137313271904683 0.0497692334817233
-0.219712371545569 -0.112556508163164 -0.170199652639509
0.043428463587829 0.0540433320888764 -0.0326175779133021
0.111837022311266 -0.014464680533205 -0.0402738710304327
0.14070895517493 -0.0199873317922404 -0.0313281998617946
0.0500205034312369 0.23549261361102 0.0417611435711126
0.0710060336652635 -0.0630649295532099 -0.0580717290171745
0.047039585525349 -0.00757316163690191 -0.0410170614548561
0.0881853058331634 0.0379215633749874 0.0344848445786884
0.0267952279240717 -0.0112308721563952 0.0642901777007515
0.0397166868110647 0.223066128362739 0.0647271324198986
-0.00300507079574902 -0.0691899539038332 0.120515616805582
0.0769314543918967 -0.0780130602012628 -0.0306966674646517
-0.0896295558157825 -0.0931915155371881 0.0965701984502107
0.0645866857439752 -0.0779664810393106 -0.0555138124235752
-0.016732399119931 -0.0635130224779259 0.0382463303158155
0.0864792271763136 -0.0639389684751288 -1.19536674616171e-06
0.00713698031594357 -0.0156127567760089 -0.0348411057642234
0.0540253907684307 -0.0764924411784748 0.0133565086544993
0.0909290093150666 0.0334866257298095 -0.0445093231535743
-0.198078828008991 -0.0409326048160822 -0.22747250606888
0.0359115636533718 -0.117816818548377 0.0540495529360364
-0.145645576060274 -0.0653881113957405 0.182542575848968
-0.0744593153345854 -0.0760008676062278 0.171374258207497
0.0586155572669344 0.0647081799861265 -0.03423470939691
0.0177082849132489 0.01297336935265 -0.0348121249042175
