-1.764079275637038535e-02 -7.972442341476203287e-02 4.015246184391566692e-02
-5.644125416335168434e-03 -7.696657331013583014e-02 4.015693888161918357e-02
-6.654829929888023132e-02 -1.378533400809206326e-02 6.005320216022819874e-02
-2.254522190679835239e-02 5.195875947318456117e-02 2.115687006201623366e-02
-2.539143931110587199e-02 -6.160644395689704456e-02 -1.206089094433144132e-01
-5.098678407311783151e-02 -5.605009983326992087e-03 6.122171719094612191e-02
-5.503079105852937136e-02 6.494698593668596365e-02 -7.422888488511480976e-02
-5.558188824112734149e-03 -7.715406010984647567e-02 -8.864286446654406904e-02
1.378889815023338627e-01 -1.547150196588866801e-02 1.602788044641116627e-02
8.377668245236630229e-02 5.812182910912500056e-02 1.678744401395424954e-02
1.003430844038737391e-01 6.440635485912880875e-02 2.090274912437344729e-02
-8.277346967197974151e-04 -1.182843089728169705e-01 5.643458862272319326e-02
-6.045930714142155882e-02 -1.881843998561844727e-02 6.411643160714899925e-02
-2.513985820717999642e-02 -4.596281852307784049e-02 -9.651319576018800583e-02
1.626083426305913460e-01 3.900630200224448896e-02 1.885382131282096335e-02
-3.582554418863811291e-02 5.568851209236475031e-02 7.029349827376524251e-02
9.483319863846434092e-03 -3.656374125482629578e-02 -1.119876526634664138e-01
-6.966449845692417042e-02 -9.207577131734302062e-03 5.639900636902374365e-02
1.023306861980530875e-03 1.040518987339059120e-01 6.486498162116806354e-02
-5.254864128132764184e-02 -4.417062750926940840e-02 6.444686663236197377e-02
-1.603130836638492346e-02 1.003816327255680485e-01 -1.612255617390570203e-02
-5.061317647356299715e-02 -1.216926744333671727e-02 -6.355143770990247243e-02
-5.100707435172620319e-02 4.626786855215152955e-02 6.580563154226179434e-02
-5.810619939189923255e-02 8.986241747910262215e-03 5.843648230568937452e-02
-1.861962467820011194e-02 -6.613432407864268392e-02 2.838640129177849927e-02
-3.654093642103513340e-02 8.448158193642932301e-02 -8.246613876910080521e-02
-2.985902850688101559e-02 8.525812420575415440e-03 7.109168654567159240e-02
-4.556496058693418338e-02 3.394144224963970002e-02 8.179849520499093973e-02
-6.789151752439684384e-02 3.622086656189833775e-02 5.841651968549014390e-02
1.376565806240029116e-03 -4.714434511353615687e-02 3.555485461818113507e-02
-2.550516718114405335e-02 -5.985288083991462810e-02 2.203638719399774251e-02
-5.962601674783202244e-02 4.614662879317555505e-02 -8.758228044741732388e-02
-5.924962929765019079e-03 -5.085066484782901908e-02 -1.108935808217377389e-01
1.379486598017138146e-02 -5.568104626456797657e-02 -1.302870845221038854e-01
1.160317558896254431e-01 1.089970783524233239e-01 4.241348283317265128e-02
-4.637208176754002709e-02 6.973606776739410540e-02 -5.923761000862659554e-02
9.743351567492865989e-03 -6.245984778766894285e-02 -7.802568326301861923e-02
-1.555735851637249714e-02 -9.438189190696753134e-03 -5.425814795661351719e-02
1.517588083505655092e-02 -4.492284485575266662e-02 -6.336201053753626189e-02
-6.488728352818735196e-03 1.268239348115696441e-01 -6.296302653606981881e-02
-8.055897798609075802e-03 -4.259479679757396248e-02 -1.201344095287975866e-01
5.776135653385609803e-02 -9.663065193344307080e-02 -1.439246670369607670e-02
-3.374780025431102504e-02 8.483893368965268744e-02 -6.294776524807826901e-02
-4.833004045241655333e-02 -4.381785591269764073e-03 7.143202897177371169e-02
-4.677951359453230706e-02 5.016031616425454392e-02 6.333893559618562763e-02
-1.948289178466865168e-02 -3.061366601147350389e-02 -1.159837292060847125e-01
-5.498300756609462298e-02 9.352770011621219445e-03 5.025518614741154161e-02
1.232086980514604385e-01 -8.217389034468142390e-04 1.494847863721961503e-02
-2.127894162768719302e-02 1.016432866519942912e-01 -7.969791856331065460e-02
5.756611649118534985e-02 -9.709800788597605647e-02 2.329738172939936625e-02
1.211028582793661212e-01 -5.649944040773299814e-02 -6.227843025687847082e-03
-4.771114524358482933e-02 7.064073851255977740e-03 5.829640902570532718e-02
1.426284269083310796e-01 -1.262469676480461322e-02 1.859512766450812510e-02
-1.512011784309906168e-02 -6.286149637968645176e-02 3.407071089109899031e-02
-1.847659860307685614e-02 -7.039330545585514853e-02 -9.789535134498360269e-02
-2.263878061245763393e-02 -7.964202537966452722e-02 3.771079860026378683e-02
-3.019142254780107434e-04 -5.047768855165944007e-02 1.565546942144802403e-02
-2.227793866804547718e-02 -2.315642579024004485e-02 -1.205724988329573699e-01
-4.993031738101876005e-02 4.163082066863083019e-02 -9.703975304849203620e-02
-5.053526422512572697e-02 2.252027265869980047e-02 -9.333552451690949048e-02
-5.453142828587567020e-02 2.543918462727811150e-02 6.191622409588748432e-02
3.123604049806243208e-03 -8.808453241789453159e-02 5.220378495113349449e-02
-4.413475933885785407e-02 1.918967748502794189e-03 -7.497190075154198940e-02
-6.023540775908091394e-02 -1.621818839624357368e-03 3.572863839613121817e-02
-1.623910777344872783e-02 -3.730448204349624819e-02 -1.398793332532482503e-01
-1.458372709409908215e-02 -5.486903114084815125e-02 3.588627582556446621e-02
1.036763779282148107e-01 7.234875610813086555e-02 2.590281776298287986e-02
1.137319533011111744e-01 -6.203646623055756454e-02 -8.183751702742533829e-03
4.311567110327838709e-02 -5.139319486400739656e-02 -1.073807639090502454e-02
9.078127723162573992e-02 -3.837359471671987488e-02 1.540175468929383786e-04
-1.176153325139344188e-02 -9.656074051263953406e-02 3.399583421465562222e-02
-1.009281765282247362e-02 -1.123731780322102247e-01 4.451347563137099395e-02
-5.701745815433552356e-02 1.265241621196866277e-02 -6.883789365362168178e-02
-5.064457952024187248e-02 3.050703057342228717e-03 4.662361087827387313e-02
1.407697617799918977e-01 -3.477614086030188234e-02 1.360090727946967892e-02
-4.605074807776924489e-02 1.241935885721549664e-02 7.495507927191528974e-02
-3.433719484003009553e-02 -6.564815320002040377e-02 2.474225681733473181e-02
-8.244959299110539777e-03 -5.395713818599783690e-02 -8.849458174656273102e-02
-1.460113886955611250e-02 -1.056554223506086243e-01 3.652743839731178305e-02
1.489494044351886981e-01 -3.196691720847489454e-02 1.937168048070331966e-02
6.118800561689233253e-02 1.467449170730181565e-02 1.567365432286261379e-02
-3.354463658175880353e-02 -2.201935132187066851e-02 2.319898090465360996e-02
-1.219777171972013900e-02 -5.437190920745571532e-02 -1.433177774107707858e-01
-4.666065212973566356e-02 2.664616097401316733e-02 3.375660065040874541e-02
1.350113145803332193e-01 -1.971930480302775540e-02 6.342218638669713630e-03
7.030479092039139399e-02 3.630445511494507366e-02 7.480491273016033095e-03
-1.738186327215562182e-02 -4.133705736768412964e-02 -1.037054615302272081e-01
1.922155835270658239e-02 -4.658775593952388383e-02 -8.371979206640768612e-03
2.621863922773214062e-02 -3.380025311468130844e-02 -1.020213138883452192e-01
-5.784198074571241660e-02 -2.165830854049518271e-03 3.746281571111918784e-02
-9.217485976458146199e-03 -5.525332836992934843e-02 -1.313563147256041064e-01
-4.423098672647336749e-02 -4.193336376817939637e-02 3.358114426423024906e-02
-5.346625168416815205e-02 -1.151775149187022652e-02 3.078629380429051890e-02
8.218349987420469835e-03 -4.356676399681871925e-02 1.677787165672678382e-02
1.369291019268161491e-01 -2.985207836097860876e-02 1.010702013660504453e-02
1.484943572325897743e-01 -9.670959314197749221e-03 1.325710076679524098e-02
1.674281260514104419e-01 1.488385146964257312e-02 1.537270916920107158e-02
-4.691721610541724208e-02 5.237458751005584501e-02 8.651894593817045787e-02
-5.258628598746811766e-02 5.421603372551976607e-02 -8.009757077842800943e-02
1.369895631588999851e-01 4.286932762613517717e-03 1.444946771539163538e-02
-1.084440209186797281e-02 -7.129417935597637257e-02 3.578307696818506384e-02
-5.561058343219382402e-03 -8.810503586893494998e-02 2.980766394229134725e-02
-1.916423065689718333e-02 -2.962141824977704632e-02 -1.120699946988182455e-01
-3.946169384951002390e-02 2.210083945738976208e-02 7.080030547129838314e-02
-3.302608447741894188e-02 6.735610504107839014e-02 5.266083225211333485e-02
-4.212039119379448054e-02 1.001523623212483873e-02 4.954526710250824889e-02
1.033625633829673568e-01 7.685334803747943810e-02 3.527966451080973703e-02
-5.552907147276327574e-03 -9.173833556021697422e-02 2.782951447288504326e-02
-3.180531127674422059e-02 -8.878004766330294117e-02 3.895034394166818625e-02
1.483796078450017875e-01 -1.485808407980184626e-02 1.537491108759969291e-02
-2.362764560017035359e-02 1.967237273532957548e-02 6.191993573602986439e-02
-5.164278140615496948e-02 4.012120086069986824e-02 7.605411826208174908e-02
-4.587179223026768837e-02 -4.486251506957680130e-02 4.976914552570450845e-02
-5.553327827369582137e-02 1.850865828545627395e-02 3.876128647511190017e-02
-2.261835013835541974e-02 -4.330267690270198089e-02 2.513760802926000640e-02
-4.152276803481284168e-02 6.006834967630578226e-02 -6.084601686482877386e-02
-1.148128875217498818e-02 -3.188518904953728528e-02 -1.008998133938041469e-01
1.978348094501220650e-02 -3.280253255100925441e-02 -8.664145468125249161e-02
-3.262269775063926514e-02 -6.226398721060378422e-02 3.538059737823444351e-02
-1.482602376381128920e-02 -4.275131526330827603e-02 -1.123334627434506849e-01
-4.165786212687652701e-02 6.240877258860644955e-02 -1.084920779462216212e-01
6.272407926712918191e-02 4.839620054493896234e-02 3.249401348263218636e-02
-2.121918275447743155e-02 7.728468467346255588e-02 -6.939623693965400741e-02
7.153833971133631044e-03 -9.289471101392021701e-02 5.604104014484188184e-02
1.455587076998254570e-01 -1.621106194536629450e-02 2.376772765436519635e-02
-3.990251945802489320e-02 3.699423354221013233e-02 7.684518206783587380e-02
-4.970016779334007762e-02 6.823505976059554556e-02 4.833055258717383618e-02
3.787173055046667326e-03 -1.918703070395421512e-02 4.839973927151077632e-02
-3.338650729197503719e-02 4.217936854955586096e-02 -3.839625911034873218e-02
-5.887896521666665522e-02 2.340408056099206602e-02 6.718166514277151835e-02
-4.739005311037668838e-03 -4.144106292909654349e-02 -8.859822858642155130e-02
-4.338413039634703844e-02 8.073858261547324500e-02 -7.366487019427531147e-02
1.636779378973382826e-01 1.179857554333569626e-02 1.692235054883847040e-02
1.122069167454031180e-01 1.627225346034928688e-01 4.600877629979073513e-02
-3.124896850475505569e-02 7.725896288429714986e-02 6.362194672112478355e-02
-5.884547436486057409e-02 2.524128530664036807e-02 5.292308830712132844e-02
1.604310801227816149e-03 -3.481342902867022582e-02 -6.554059163235229080e-02
-2.930209307449043246e-02 7.312537041020303330e-02 -8.428895833045121216e-03
-5.725570236021688963e-02 1.051955939206548375e-02 7.925002460852140218e-02
1.436158465744392654e-01 3.960968063080048951e-02 -6.412742333472273154e-03
-4.023236043395506806e-02 5.520839312459877718e-02 7.151710440665350055e-02
2.292033024444421752e-02 -5.920358378696961160e-02 1.505825637489345212e-02
8.552282402831482000e-02 2.270229432101873029e-02 1.662491020280790904e-02
7.657278304992512497e-02 2.722126550454732202e-02 8.082148928229112433e-03
-6.036786197289369105e-02 -3.467070727997701232e-03 5.802899958882715842e-02
-1.066523234194430986e-02 -8.471386986420709198e-02 4.071296518755052052e-02
-2.051510353549472823e-02 -8.378588000986732232e-02 2.208737193921276806e-02
8.969583066799539581e-03 1.139680507351318040e-01 -3.894408547060491943e-02
-5.242894441098217007e-02 3.272983191085613447e-02 -6.813426610394875127e-02
1.888283292485485806e-02 -2.495793929817118062e-02 4.977396311255781816e-03
-2.154311858138335464e-02 6.162954240153438804e-03 6.902798909668819705e-02
-2.286643276897532343e-02 -4.310851797469157642e-02 -9.577197472386857202e-02
-5.195571946640367700e-02 3.308936337656009224e-02 4.192589638805772206e-02
-3.689665956185916168e-02 3.657503762190573993e-02 7.204824361098456642e-02
-1.377313781892409647e-02 7.189677082561612975e-02 4.551956827089625318e-02
-2.698919303593291449e-02 1.124444100727221493e-02 4.794231636233858146e-02
-4.331097068212274442e-02 1.303415107264736458e-02 1.254862639681025502e-02
-3.660926535632230000e-02 -2.840863598923399486e-02 5.794662565504632434e-02
-3.104680517789636107e-02 6.360350760857079455e-02 8.575356116894060354e-02
-2.543144736244639867e-02 6.960928441311034498e-02 8.868123706309369303e-02
-4.715201362223281345e-02 7.090397063930593824e-02 -8.163635752087983199e-02
-1.589376479668079545e-02 9.724442039658443004e-02 -4.250502551932792278e-02
-1.006691748727922900e-02 -6.740976189229661020e-02 6.939547293961173535e-02
-5.554225464982433941e-02 9.213358489066919175e-04 6.040431942395538267e-02
-5.051538706984488175e-02 2.773878630505984336e-02 7.604572415638539973e-02
1.767121056479441926e-02 -8.023471400756128358e-02 4.129815893646739816e-02
-1.203393809364433110e-02 1.092983666083423150e-01 7.845124972691835952e-02
-1.493786207410264036e-02 6.262289725056180423e-02 4.659944172257503986e-02
-5.510283394846515748e-02 1.259417628335913683e-02 5.080385457783244407e-02
-1.618038869739846231e-02 1.142953414535503309e-01 -5.407901126533588843e-02
-2.801403124464640904e-02 -9.699188984593336282e-02 2.860266102720060086e-02
1.033251372530520212e-01 -3.370559037055941010e-02 -6.076887844308533765e-02
-4.104415463740589132e-02 6.203067325817408773e-02 -4.758535148776959350e-02
-5.083287173253978053e-02 4.015672330688672964e-02 6.419324150377921090e-02
1.816674220427177966e-02 -4.910944082928420801e-02 1.991810978871602286e-02
-5.971153440045927352e-02 4.850640097226185249e-02 6.985509449512977698e-02
-1.782183984403995503e-02 5.551914704947592816e-02 -1.144631425072845932e-01
8.359538615109378054e-03 1.182441887944434833e-01 -3.713634643129347379e-02
-5.797424458855959112e-02 2.903146211295718621e-02 8.547121744058083781e-02
-4.219818039884043470e-02 6.598457066988629161e-02 -7.725508571555352033e-02
1.421458749379371778e-01 7.249725873794878733e-03 1.971134791408118633e-02
1.874935068159083382e-02 -3.405742818624041962e-02 -6.451195624493406833e-02
-4.604045346030672531e-02 2.257890524040705865e-02 4.158017422998386975e-02
6.007407393370397218e-03 -1.069625923271670942e-01 5.999950148338702161e-02
-4.289691362698766497e-02 5.346937608673173886e-02 -1.174173817322294033e-01
-3.244813686246395684e-02 4.462282744476395169e-03 3.021401706941768614e-02
1.250710676636401786e-02 -8.768066845181445024e-02 2.856058830517242339e-02
-4.737207832303418770e-02 1.250816343820602798e-02 6.692261424488964161e-02
1.407466617160197386e-01 -2.398746876498589198e-03 1.117284996901620441e-02
-5.244690883202933473e-02 3.139266794349350465e-02 -4.182564694296037749e-02
-2.623900688310685028e-02 -5.778502574169992051e-02 2.919108437567148606e-02
7.850148712010077134e-03 1.167330516949047770e-01 -6.780496661977039596e-02
2.078279813392231931e-02 -4.018725136639329093e-02 -7.489796300798765016e-02
8.965592927026969083e-02 9.079348527810407465e-02 4.760879624400988358e-02
-6.192210229595957599e-02 2.370481630212580362e-02 4.351053475256475706e-02
3.010983241120547896e-02 1.481458541367909887e-01 -4.220587238496491256e-02
1.196883621906900813e-01 -3.494855937637574017e-02 7.256192325961696721e-03
-3.277873470134497896e-02 6.717736978250757329e-02 7.072364701938047005e-02
1.258109007345504793e-01 -1.464387979245348331e-02 1.007281446090796048e-02
-4.667058580895702691e-02 3.983085099693262250e-03 8.013569377823019646e-02
8.874395009740357332e-02 -2.464393921775274651e-02 -7.649102501372666285e-02
-4.796525537314651200e-02 2.873587886257742557e-02 -5.481924456580856281e-02
3.128932722506605479e-02 -3.772377321532954103e-02 -5.977510260749019366e-02
-5.209704021840860788e-02 3.061941036413782374e-02 7.850646843720775203e-02
3.431070510151113667e-02 1.280641089028611013e-01 6.538060762907967061e-02
1.274176562340534509e-02 1.357832547576831861e-01 -3.672731919137464662e-02
1.219234282167512284e-01 8.877202339422782251e-02 4.286898337723722696e-02
-1.508160338477427392e-02 -5.304322130276439146e-02 1.630659937699753190e-02
8.129842128499466247e-02 -8.931044696754425471e-02 5.952567431226953726e-02
6.819956727682989495e-02 -3.771444717847554501e-02 -2.407959824520158540e-02
2.650581305215772218e-02 -1.849735854788904163e-02 1.372860032491256613e-02
-2.239512418478166109e-02 -3.040280871147186398e-02 -7.561490436472907695e-02
-1.227550643973285803e-02 -8.282494038752985510e-02 4.801755536850525752e-02
1.273068017959886056e-01 1.502029956463283300e-01 5.039014594565589117e-02
8.285527001383605206e-02 -7.356870404162454968e-02 4.751703972048189339e-02
1.597499146045675278e-01 4.018835020964489635e-02 1.907014992364985256e-02
1.215563016649930800e-01 -2.217844491799657314e-02 1.313180584746045411e-02
-4.228384486986822705e-02 6.334060426790651122e-02 -9.206990228308806201e-02
2.960885328453479598e-02 6.569965306977022801e-02 7.800759760362246942e-02
1.179041004638393259e-01 1.517454781651531026e-01 3.207624897759989158e-02
-2.730870715371053192e-02 9.006089658969246292e-02 -8.637710087912922607e-02
1.204302193078229805e-01 7.037186655561084025e-02 3.428491037259861346e-02
-3.621415941508404623e-02 3.275295551560785529e-02 8.609098833148545737e-02
1.114706908093020948e-01 -2.209141679163559649e-02 -5.287789943845850466e-02
-6.295038269971142686e-02 8.419051204827639537e-03 6.698710696596023306e-02
1.587585230438029182e-01 2.440317806275973944e-02 1.967111289180933226e-02
6.497622040305274516e-02 5.700197871469479122e-02 2.826215831877645912e-02
7.658510689780351210e-02 -3.303967961959636962e-02 -3.936652705698911320e-02
3.738872792106279208e-02 -4.342543148899459526e-02 3.101784271723406761e-02
6.604315603813289137e-02 -1.204832972155391591e-01 3.760543380534608210e-02
-1.267759886066217867e-02 -3.488457090472258521e-02 -6.155147314875530212e-02
-3.701844766938560544e-02 4.826798976687850240e-02 6.120159026820072568e-02
-4.863138852141955099e-02 -9.361215232386537301e-04 8.377593033201637118e-02
2.821086367241138620e-02 -2.196086925833652323e-02 -6.046230905833403779e-02
9.578406070253710214e-03 -9.823290666819491090e-02 4.297847867265377347e-02
1.097483264912344769e-01 1.029671702779033082e-01 2.526433331233387397e-02
1.802660711024723500e-02 -1.049377868316748313e-01 5.405864783417232977e-02
-3.748462006762277865e-02 -1.087643846503698146e-04 -9.878990517251713677e-02
-5.637479026543915778e-02 -1.535134870533813936e-02 7.264152736782006348e-02
-2.310547803029749242e-02 1.073011448778908444e-01 -5.978213824154680195e-02
-3.017769408513881063e-02 8.543340175122653146e-02 -8.949062969033050319e-02
-1.920548974391119226e-02 8.340538204569444836e-02 6.408275432057435050e-02
-6.284859240443409212e-02 -2.389155726755685591e-03 5.001945794549025881e-02
-4.712196588645699985e-02 4.295899251643547911e-02 -8.026174663307331092e-02
1.867862044804034782e-02 -5.731062448892356581e-02 -5.852478840077320749e-02
4.071237168804486134e-03 -1.211296255281046202e-01 4.551575094830184742e-02
-6.690012149856855439e-02 1.761813162833707549e-02 5.431533140353810019e-02
-4.108953736944051527e-02 2.455031164941642516e-02 4.668529313182710749e-02
-5.280850048650102130e-02 3.974667728758343038e-02 -4.949778388100951193e-02
-4.143784678088762580e-02 2.481126359479788462e-02 -1.018836843563822037e-01
1.246044053515456551e-01 1.159806429787304943e-01 3.885670674957251297e-02
-4.635460590625842953e-02 3.352060837793396225e-02 5.479188276322478207e-02
-4.960095965324205075e-02 -4.019878775807723958e-02 4.860788125933737658e-02
-3.822736454723607569e-02 6.184859549850463267e-02 -1.241777470905747888e-01
-4.674594093190694716e-02 4.826476062792324495e-02 -2.745422477196962641e-02
-3.054445770772660704e-02 -4.238521301217641063e-02 6.785596968628045123e-02
-4.917822435318838087e-02 4.844394389329499673e-02 3.289105344557471944e-02
-2.819214207925109170e-02 -7.885700043935280068e-02 5.293863336853502077e-02
3.834813448382576317e-02 -4.362709467429934374e-02 -5.913086569757030481e-02
1.187528147722664018e-01 1.520402991566811857e-01 4.712271841112224829e-02
-3.288251333687774308e-02 1.591626577178458651e-02 6.548868462260566681e-02
-3.654274882392252732e-02 6.110150901901531539e-02 -6.950001710926961840e-02
-4.906807325166982758e-02 2.831016659443267788e-02 7.352677629690695937e-02
6.682941972337251915e-03 -6.932027162106176033e-02 2.792015278638886738e-02
9.926861127916537103e-03 -5.182934140199959433e-02 1.896092033436907326e-02
6.518731884345474459e-02 7.078109710364789697e-02 1.333700420490511497e-02
5.256462679163759026e-03 -8.201861407294906703e-02 6.822219322079642323e-02
