9.344474332024746421e-03 3.486420266632216797e-02
1.478702461487705830e-02 2.711452975883839669e-02
-2.894059739316470065e-02 2.864411483517208257e-02
-2.922209530048361370e-02 3.603964145070869679e-02
1.897915955545143724e-02 -2.322612876885192870e-02
8.405452287696416058e-03 2.443261481696114637e-02
2.387677848666342612e-02 8.019862252231131378e-04
4.009665401721845129e-02 6.146115449784575642e-03
-4.992391140073552253e-02 9.639659726669093029e-03
1.521327950268028598e-02 -2.190416401079423037e-02
1.840732563877115965e-02 3.669356347509263733e-02
-1.678070429519215243e-02 8.682064963431018745e-03
8.559270861523426283e-03 -1.893569351165248077e-02
-7.739423036738061860e-03 -3.860677157153125658e-04
2.051775794853848839e-02 2.808100855686604044e-02
1.723568412777448655e-02 1.400130472933247376e-02
8.056430016821582163e-03 -2.421355876820589781e-02
-2.325628048152356825e-03 4.150086963559832063e-04
-2.061282332041108195e-02 1.708509764786620908e-02
2.901906638789046589e-02 5.856259152255232671e-03
-7.478454369392750767e-02 -5.675778925142326015e-02
-6.145912822480625176e-02 -1.546757158595321938e-02
-2.501170154429670570e-02 -1.741721521247711901e-02
5.231085358912129779e-02 2.803182533587922007e-02
-3.591305047656255522e-02 -6.995220247248351564e-02
-2.866866543585439020e-02 -3.390607670577681226e-02
-3.304455570572605028e-02 3.648728056842691359e-02
7.350209909264289465e-02 1.657828667931206604e-02
-3.826312880203874833e-02 -5.128739805536141477e-03
-6.185828085197506848e-02 -1.973427545185208604e-02
1.092334993597861154e-01 6.055057827257824717e-03
6.310934014567942674e-02 -1.579394011962694314e-02
3.195309633697310941e-02 4.197356808730057925e-02
-9.009323260169226077e-03 3.676759755023718129e-02
-4.014439443659490077e-03 3.647587559327013229e-02
5.056243265475568807e-03 3.178267721455562550e-02
-1.610498987425954681e-02 8.661051733426860383e-03
1.736179283632376114e-02 -1.098054279925316998e-02
-4.139699607914110180e-02 2.004268153204549416e-02
-2.348868382653226949e-02 4.325771622417495799e-02
-1.026046708058050462e-02 3.221009263293217028e-03
-3.198573533933816299e-02 1.263535853230582720e-02
3.469366656386804748e-02 1.587760527327956601e-03
-5.142907075451868398e-02 -2.177643191614852831e-03
-4.154880208501153527e-02 -4.532500155889539889e-02
7.233205351138739803e-02 1.156786648651843274e-02
-4.311387479707267517e-02 3.059203264550456464e-02
-5.834856680182812921e-02 1.825446461904015050e-02
5.685805142140666624e-02 -2.391930773103963671e-03
-2.999072531309407430e-02 2.052307081302623404e-02
-1.831413456000199544e-02 3.706428588352329162e-02
-1.690212255377736977e-02 4.946432051464719898e-02
6.955587508450926382e-03 3.585597749036631421e-02
3.371208763705047656e-02 6.531295475102799446e-03
-4.083506981716342188e-02 -3.019445352392925025e-02
2.553678967993280782e-03 -1.326858932753757075e-02
-1.727288016404414026e-02 1.833105680646961860e-02
1.289048488675192117e-01 3.001185888525556220e-02
-2.587050140374573190e-02 3.756242628768273473e-02
-3.864888176212072368e-02 -1.542166751574422512e-01
1.818182358613346702e-03 3.121332700542974944e-02
-8.140114513421191356e-03 -3.063609037026818541e-02
5.190149501622005890e-02 3.760163741317461283e-02
-3.024390427260317815e-02 1.847524829594881374e-02
-3.952975320015773841e-02 1.226740857457912955e-02
-1.670701280330568785e-03 -3.323141008981191817e-04
-5.396463838014006059e-02 -4.171229756664994806e-03
-3.844134838642455920e-02 3.535829838960539810e-03
-4.676611629921310215e-02 2.185994597618146768e-02
-5.014207356311356500e-02 -3.063794601872865328e-02
2.685369493659213805e-02 -3.947075711175806328e-02
-6.852906964530507128e-02 -1.174988030943485973e-01
-2.293530732562427954e-02 1.728858006961828814e-02
-3.034876164031924048e-02 1.497273408407970470e-02
-3.050234054938722600e-02 4.024231988747688227e-02
4.308458071083066249e-02 6.065365536627338565e-03
-3.442469765961112677e-02 -1.374241489194155154e-02
3.128210435572192222e-02 2.981180234759480546e-02
-6.200514279509469241e-03 -4.439721451754654463e-02
-1.707199187234736959e-02 -3.737993721052086660e-02
6.976631045250950187e-03 -1.047939342805881413e-02
-1.830936888236529142e-02 3.008962207068171732e-02
-2.020639948413194276e-02 2.592790644243913104e-02
-2.776836344870536183e-02 2.852494752507758399e-02
-2.880068465255359103e-02 4.442171080303860750e-04
-1.537030644108328993e-02 5.810045249270227863e-02
-2.773574215038841773e-02 7.903857169189780485e-03
-6.934363693351926899e-03 -1.647641020758254249e-01
-1.998975429388540753e-02 -4.633813715737685607e-02
4.440968825014122295e-02 4.121511365240059649e-02
-1.417302359720115472e-02 -1.596480300067810651e-02
-2.717425139694075453e-02 2.397425923788969182e-02
-4.539432521017575800e-02 3.614825403756913302e-02
3.312191347187445206e-02 -4.189131880896743848e-02
-1.218617318190692682e-02 2.241644585131929990e-02
-1.281146450189510171e-02 3.331140271015967796e-02
-9.642536483167339634e-03 3.160743662832905115e-02
-4.980338250897012320e-02 -1.788247079071993151e-02
-4.012621728945493099e-02 1.994196303142390519e-02
8.865761163299425152e-02 4.596823671364196756e-02
3.639253737035275799e-02 1.723364809447792967e-02
3.525089608477277158e-03 3.044224019825275684e-02
2.325185013192553746e-02 4.782696414244451411e-02
-5.465870427188022906e-02 -3.802926263414597996e-02
1.069124553755246149e-01 -3.580583489328800079e-02
3.453309528014684993e-02 3.079535939432258285e-02
-8.814984716753139146e-03 -3.001694991179567479e-02
-2.111795533644219777e-02 -1.303424760426780821e-02
-1.239431945981578354e-02 1.263622938837921650e-02
-5.489911103235308593e-02 -1.565167630899556503e-02
-1.179390851602903426e-03 -3.780910220969619512e-02
4.365931618153287563e-02 1.016974487399240935e-02
6.486862693778827627e-02 3.654556505438502634e-02
-3.792980837074443751e-02 -8.318281969422917921e-02
1.270819136897403945e-01 5.682951357735180342e-03
-2.030122624876469148e-02 -1.034709620786619134e-03
-1.649171691424999864e-02 9.069242938888751396e-03
1.669129583834222386e-02 3.505250006261600298e-02
9.255657105115357164e-02 2.066945772424784097e-02
-1.599426346951259015e-02 3.881711956115460604e-02
-1.708241804013158754e-02 1.333312727198496944e-02
-4.673372182626105154e-02 -1.995510301379886664e-01
-2.125494564818592585e-02 4.723748838058441923e-02
7.715305992617257913e-03 8.716678203449547413e-03
7.375186128746112624e-02 3.302880964759181081e-04
-2.434674761553766616e-03 2.519331308762222041e-02
-4.801285635602518288e-03 3.834608947416807967e-03
-3.342421168328625625e-02 2.285266123426590162e-02
2.883175480736543429e-03 -7.440142382939336774e-02
-4.868736846744043528e-02 -2.585405056226671577e-02
-1.695619563021515119e-02 2.723025618195639222e-02
-3.984457252491088036e-02 6.085626274247002074e-03
4.990682315473671943e-02 -2.220909399134988332e-02
1.006258620437349392e-02 2.832131525759172541e-02
3.291473971076874783e-02 1.058638243351842610e-02
7.756374186202918963e-02 2.328433732270939610e-02
2.773590240647081165e-02 1.678207958214967405e-02
-1.624688860691750336e-02 2.366603292504530776e-02
-2.047482193776622994e-02 4.422842175095126338e-02
-1.119650140733120108e-02 -1.096600701616823464e-01
1.169745721161079277e-02 4.006585144642818563e-03
-7.743515275320423871e-03 1.872905240305580699e-02
-4.252486483127840278e-02 4.028593583987552344e-03
1.935850037143881791e-02 2.101949857444444097e-02
2.463274597163298552e-01 -3.121820894733536023e-02
1.209159453824772273e-01 7.565332452290966965e-03
2.605727479536039046e-02 3.058397369891808007e-02
-3.176392945664767431e-02 -1.359921757436962503e-02
4.926970837293861982e-03 1.543652216749313161e-02
-3.877806047730874422e-02 4.252076769714303872e-02
-4.855907355162497607e-02 1.660105290898393308e-03
3.444268494601662733e-02 4.165405180210424163e-02
-1.736511656268564449e-02 3.580252711628018059e-02
-2.054879857604312993e-02 2.721914583381489228e-02
-4.125144897147573625e-02 2.290277549353609415e-02
1.031706675423799471e-02 -1.931259932114328878e-02
7.194686278332239338e-02 2.860882838563067604e-02
-2.367338908992572266e-02 5.856445450244285311e-02
-1.035848461301393936e-02 3.836731278828045544e-02
-4.298683732504356841e-03 -3.240687476046952981e-02
-4.374214273132841918e-02 -2.272433424116863943e-03
-9.063470725293799532e-03 -1.255076861017127010e-01
-2.164705798181545959e-02 -2.464815765749043402e-02
-2.878695022597741945e-02 3.022802430244741351e-02
-7.592897059487313527e-02 3.116332699929359046e-02
1.014472563134797764e-02 2.762141663800441252e-02
1.881715685830579994e-03 -2.354074722139060626e-03
-2.181414103358943549e-02 3.161271917022473454e-02
-4.624273584221410410e-02 -2.462464058719250311e-05
6.843778319659722664e-02 1.684662723784830646e-02
-5.724735180095882892e-02 1.571442595700144745e-02
-8.439284890621689267e-03 3.077783013914115254e-02
-2.957249223486922013e-03 3.192589355538399086e-03
-2.358110590546559637e-02 3.812405288829914113e-02
-2.924759816215030672e-02 5.651772449227489628e-03
-8.583294978059619398e-03 3.301662710059614925e-02
4.351898665962642548e-02 1.207947911370129031e-02
-5.010378391110463514e-02 -3.622831022957465757e-02
-9.194989303687197552e-03 2.997236989108418084e-02
-4.016650106880299831e-02 3.727747117359438145e-03
2.546219299119525763e-05 1.732571689948660468e-02
-9.215765871118919081e-03 -5.496484835413274414e-03
8.595740109926333639e-02 3.074906955546861942e-02
-3.618412635080429235e-02 4.236406811739062278e-02
3.998579294937117112e-02 2.319971137346737641e-02
-3.346780564787019130e-02 1.114862202073675992e-02
5.503111693834226298e-02 3.940800830737140742e-02
9.236220712570592656e-03 -1.335178255156510563e-02
-5.039033084093158532e-02 2.508435349133613778e-03
3.826921397669545699e-02 2.851096909272275715e-02
-3.062124850734106868e-02 9.939661729167907286e-03
2.929675397236580076e-02 8.490225079672899036e-03
-1.754184861195260542e-02 2.674213879096933727e-02
-1.930152207185218544e-02 4.276196052636389161e-02
-4.466829902177923278e-02 3.147359896553252046e-02
-2.479809454377714453e-02 -1.578673104640745256e-02
7.984941723032589270e-03 -5.047429164005566918e-03
1.257252558888205252e-01 2.271886653172753776e-02
3.478375502815607423e-02 -1.449109685366609668e-01
-3.624358159739304863e-02 3.329424625892905137e-02
-4.969601405024537920e-03 -7.892397787140188747e-03
4.637607949620547315e-02 1.958851716569480136e-02
-3.676172033567361164e-02 3.303597760365657721e-02
-3.579009181668551393e-02 1.457735905683512148e-02
-2.019381591257991826e-02 4.851070658041708311e-02
4.235380260755693127e-02 -1.219583182687731734e-02
-2.763254710885233723e-02 -2.059097223077815519e-03
-2.277960280085320963e-02 -1.006491833164267595e-02
6.776652286896947541e-02 6.726626000107445609e-03
9.166606084944080302e-02 -2.055601520155869444e-01
6.181060700751675463e-02 2.701192188914610867e-02
-1.126544464905256809e-02 -4.680001301328274438e-02
-2.100977494476298502e-02 4.666838368350239609e-03
1.369562030329665898e-02 4.860849611786462188e-03
3.146802380152430301e-02 -1.104114517922606068e-03
-4.720713183872401325e-02 4.692850817989865225e-03
1.288322589170649846e-02 4.725842490673148877e-03
-2.264898966073110656e-02 4.476655238255510677e-02
2.289186177176977949e-02 3.083125456773017775e-02
6.424348610587136965e-02 2.891220007728302274e-02
3.680442947787058820e-03 3.627116767289490645e-02
2.602338288430600111e-02 -9.253751421531307420e-03
4.407957534176834558e-02 2.897853883006433137e-02
-2.405887317488120472e-02 8.901366285813313087e-03
1.131589865900349719e-02 2.355610481571469850e-02
1.294630102207062761e-01 -2.300346867840407164e-04
5.863391236156542154e-03 -2.441989580392848330e-02
4.744775827581830877e-03 1.029453624030995246e-02
8.848209037918755918e-03 -3.242091008473358543e-02
-4.046978497750430143e-02 2.491856488764560354e-02
-2.932088846585545472e-02 2.657939503392101402e-02
3.492062908886141293e-02 1.264518324810794125e-02
1.315847539386199444e-02 -2.340899205463580629e-02
-4.803964906604687307e-02 8.909396778123072902e-03
-3.216511818225770147e-02 4.723963639310333612e-02
1.891325910539677635e-02 3.561882340895396182e-02
1.399840697057447986e-02 -3.692178827107603367e-02
6.814122596465262138e-02 4.778879805908513301e-02
-3.365423073219161315e-02 -1.256576973298697553e-01
3.070310856952517334e-02 5.057717750792780492e-02
-2.547070590647645266e-02 -5.683265349658977311e-02
6.344011622023019992e-02 2.752710644355177774e-02
-4.158618930903337091e-02 2.353793878055130545e-02
3.679170252829953164e-02 3.061393403092238161e-02
-3.437821300775811828e-02 3.417376797392079196e-02
-3.796986132307803193e-04 -2.090041171084425220e-03
1.448257318643070106e-02 3.233446162816851904e-02
3.128698194508666014e-02 4.595556309477356188e-02
2.204426716610522613e-02 -9.905648510249429051e-02
4.577543929864148070e-02 -4.367783420198344951e-02
-1.987286511263466893e-02 7.160277470472388960e-03
1.621581370998854688e-01 -9.115855693662577863e-03
7.004961628217319658e-02 2.882412148294933620e-03
-8.681540447313612976e-03 2.203936360018074123e-02
3.736429451570983523e-02 -5.269874335671281829e-01
-4.888063967483362304e-03 -3.808880869012330576e-03
1.013479634134858282e-01 -4.616009182411910661e-02
2.827504995122576137e-03 1.509253989097892028e-03
-3.487184863454244332e-02 1.939337325814053173e-02
2.300675224733009228e-02 3.149998591388661340e-02
-2.000094327149698828e-02 3.712144805853435925e-02
9.881138007995936279e-02 -1.436685755720680698e-02
-2.324214743709331066e-02 2.254519537832815404e-02
-6.657523920683985907e-03 3.200686798816297640e-02
-4.648651911006194265e-02 -1.083712597178091014e-01
-4.807118089529317101e-02 -2.038695912023895940e-01
5.013131303363840136e-02 -1.302760734066569538e-02
-2.153319762434886819e-02 2.802689139206446939e-02
4.240219839577637900e-02 1.253917171722812585e-02
-3.415746273519758291e-02 5.132521955764482446e-03
-4.835959514236468776e-02 -5.115745113355134321e-02
-1.345161294543605231e-02 3.335693948343317755e-03
-2.291165366600204228e-02 2.795363672021839579e-02
2.904399454182026233e-02 3.630869093001777570e-02
-3.835604495686434356e-02 2.008538174423780964e-02
-4.074622357566012182e-02 1.991567673017986817e-02
-5.774604841506197211e-02 -2.299871859700364056e-03
-1.807749627866314657e-02 -2.235977587294483634e-02
-3.988913174473367185e-02 -1.442974245102592598e-03
3.750744211034963416e-02 1.949722379598640629e-02
1.773687272531488399e-03 -1.114007202294032411e-02
-4.973691689688390649e-02 3.410466635545184033e-02
-4.330862130117636016e-02 8.023092177432975328e-03
-4.060967712085480907e-02 2.355398342828102579e-02
-2.004960450306219819e-02 6.800224814947115892e-02
-7.223253602364224047e-04 2.395846423066338993e-02
9.938961632216272019e-03 -1.892326290475944070e-02
-1.137051496673609566e-02 1.843136597787177824e-02
1.386225376181568318e-02 1.279572198190422928e-02
2.972437103079207665e-02 7.884849831328033520e-03
-3.937796263513632100e-02 2.582757691908527109e-02
2.209478497858760951e-02 -1.093015681294365743e-01
1.216195690411349048e-02 5.572871688856199587e-03
-3.761436630461941627e-02 3.121205219635814904e-02
2.575679091820903127e-02 2.921774933278593889e-02
2.824281857254394221e-02 3.890040003821738923e-02
-3.863246286078932112e-02 4.598854343628651364e-02
-2.202000338255674997e-02 4.222820065500133835e-02
-2.149047900714988468e-02 3.201394635394084337e-02
-8.036886928008385444e-03 2.203249071544973597e-02
2.751089446409171746e-04 4.364902912997186898e-03
-2.969644720128306742e-02 2.631519564098102129e-02
4.957545449879777882e-02 4.682126260190293265e-02
1.615117947721654568e-02 2.186539733810039660e-02
3.893482908997757466e-03 1.607958699132292293e-02
6.990600556139862920e-03 3.348154384181137311e-02
-1.323631319607596057e-02 9.629225114524122761e-03
1.251462398123487085e-01 2.954753968359257257e-02
-1.926767633834215038e-02 -7.961097333287488198e-03
-3.393195702281646964e-02 2.538373716971064134e-02
-6.083440562376881897e-03 -4.268252324818220395e-02
-3.523144315630081375e-02 2.871599190466529380e-02
-2.405580587947916266e-02 5.359461898479038477e-02
4.371806350144700343e-03 6.867990548386687438e-04
-2.379521726221643652e-02 1.859539152774109666e-03
-3.228206991623245453e-02 3.309732280592034281e-02
-2.063271141363124533e-03 -1.094957119581613410e-02
-1.714386635613859844e-02 -7.408342740981110897e-02
3.535247195129960496e-02 1.998860340647579115e-02
-7.998787767991432859e-03 -8.043651862538945402e-03
-1.822831373497082671e-02 -1.216292189365042638e-02
-2.167003756930750008e-02 8.559223790770428223e-04
-3.165839291999940006e-03 2.499765126239778673e-02
2.350376992231230644e-01 -1.470158182958616368e-02
-1.237980994544845247e-02 7.568272773921431301e-03
2.668109479435595063e-04 -1.151221882915887118e-02
-2.018085219222001334e-02 2.261215110513412063e-02
1.567695000478218012e-02 1.773403422629431236e-02
-2.372064390090278252e-02 2.873511304489798426e-02
2.153986381235364206e-02 3.439269337236914442e-02
-4.845970277298874626e-03 3.428039943340773464e-03
1.756998763375935968e-02 2.782730538410129947e-02
-5.322330884062667807e-03 -3.186647446572071773e-02
2.051933859039084540e-02 -6.514305869985889674e-02
-3.305586052746692372e-02 -3.462158383192584510e-02
3.049568824798980227e-02 1.527177017578324782e-02
-8.589571905895021162e-03 2.419296909224218084e-02
-3.837559619218010309e-02 9.724000083811135120e-03
3.529780039878335773e-02 1.066019632121627779e-02
1.472898334550669652e-01 -4.228614981694228669e-02
-4.438753125142880229e-02 1.820800698056625894e-02
-2.947408541725305905e-02 -1.225924209519832671e-02
-1.384755595028377799e-03 2.650577384552106966e-02
-3.347580436917792918e-02 4.308916617091530094e-02
-6.417642093940065240e-02 2.915506918517945037e-02
-1.665392267949853539e-02 2.383112959067050507e-02
1.839080656868032071e-04 1.656421800991612209e-02
-3.536394686151526912e-02 -8.565288273864467283e-02
2.424722446330160874e-01 -1.076997458678523450e-01
-5.903794818260776900e-02 3.113347367729955156e-02
-5.478565481849150681e-02 4.337182392303427780e-03
-2.073568158785470822e-02 -1.403779291307855233e-02
1.202186591766989249e-01 4.274724059909232321e-02
9.364723032919874957e-02 2.503006315161852152e-02
-1.625877053515384016e-02 6.727473679849469562e-03
-2.357210112285801004e-02 1.886655901836930974e-03
-5.480372960881230854e-02 -2.326948593478841629e-02
-1.869098507713355325e-02 3.317691058467432674e-02
-8.464880445271856860e-03 2.950212878412918072e-02
4.328090456910608369e-02 2.606079930875015993e-02
1.687922689724890082e-02 1.094899369830586514e-02
-3.923678730872499215e-02 1.094699744921530729e-02
-2.822760926858684100e-02 5.310475614245070003e-02
-4.168953138394848601e-02 3.860496391876603803e-03
2.702494332273427946e-02 1.195517323169557715e-02
-4.153611225768475551e-02 2.434833800631650003e-02
-2.879817052434313282e-02 -1.475924194847049245e-02
-4.643055226309045908e-02 4.494871304190627657e-03
5.500185687408381402e-03 -3.258887002583622794e-02
-4.834289226137095108e-02 -5.268997592105185285e-03
1.292593888698216967e-02 -5.082414171313485995e-02
-3.720823199050414531e-02 4.615474042692337131e-02
1.458825014675181261e-02 2.404058855113909085e-02
-2.503414980853911620e-02 -1.016875632985544606e-02
6.956209327535142761e-02 3.263381546196248567e-02
3.493531011679789494e-02 -3.267307303543889874e-02
5.784891317587131931e-02 1.388116991183889828e-02
-4.005856838741992873e-03 -4.086486563621914703e-02
-7.449247034507244791e-02 -9.722922911283142511e-02
2.710877972111077477e-02 1.004177376619271728e-02
-1.347653485038908909e-02 1.019563781779153633e-02
-3.067861401952781675e-02 -9.572783001195086638e-05
-3.174446700419322059e-02 -1.177328978955676821e-02
-3.272927640047192804e-02 3.077197817939771041e-02
-9.500676202832784856e-03 1.141011851481078289e-02
4.492817126691329294e-02 1.104280296338032256e-03
-3.038435410474725137e-02 2.713774323747516343e-02
-3.492060823949361126e-02 7.367157273870715214e-03
6.805432752598913025e-04 4.299600290160607990e-02
-4.086466439634254405e-02 -2.902329215588007189e-02
8.796677595166781105e-02 2.919162475500733725e-02
3.123654897231049887e-03 5.557312655081519427e-03
-1.986885188657981464e-03 -3.371782424293116864e-02
-1.365823754137281479e-02 -4.313811299852619158e-02
-8.049315711174741955e-03 -1.591720772771920353e-02
-4.497193917878242880e-02 3.651228810088813503e-02
1.625637251772581865e-02 -1.448939172018439032e-02
-3.130727818890365055e-02 8.105227369528619080e-03
-4.240541554019539028e-02 2.707019961149205109e-02
2.536578847409150239e-02 1.252591149328563698e-02
7.504102362117581054e-03 2.626649342309103630e-02
7.717365431353656602e-02 -5.708810992366237722e-03
-2.162815494854280693e-02 6.808827159943038783e-03
-8.399928580735099848e-03 1.587964153187787497e-02
2.593883153905846006e-02 3.802213046993063034e-02
-1.068510500851198655e-02 2.439086359198732856e-03
1.379013241973623682e-01 9.557862427120211030e-03
-4.556188984893998900e-02 1.729793989866108134e-02
6.123251575845886294e-03 4.954908299397652732e-02
1.349297460934122117e-01 -4.836393533162136604e-02
4.612218317881376997e-03 4.320304213927557424e-02
5.797701949181542636e-02 1.474120615626775370e-02
6.400429296220189017e-03 -1.979314490619085015e-02
-2.313305682143289646e-02 -9.828095716119653394e-03
6.579491516078862789e-02 1.003826391212785454e-02
-6.691533193238416444e-02 2.257337067158730198e-02
4.987076360306676864e-02 -3.277365383862038822e-02
7.559209427983736018e-03 5.056061091536864782e-02
2.779766979248905409e-02 3.848891591664323902e-02
4.325644440852807054e-02 -3.942836546648078276e-03
-3.386874132545581589e-02 -1.183256331965068346e-02
-2.326782402982301157e-02 -5.086216208509777847e-02
-2.044542201971250028e-02 -1.148057147484274343e-01
-1.835191233682363643e-02 -5.850171330492884986e-02
-1.873578161731986836e-03 4.274964160543914815e-02
-4.329817149531377946e-02 4.259880322168992615e-03
1.890334922517541982e-02 2.690099413078252469e-02
-1.105466535168578984e-03 5.418185415932137011e-02
4.436627596365124576e-02 2.113941829711789636e-02
7.042566712538333995e-02 2.330334264338126959e-02
-4.383295502403005556e-02 2.038026459736705376e-02
7.436610594753441383e-02 2.738298042449321609e-02
-1.783016880254323019e-02 -1.888580886272085424e-01
-2.919483499616500055e-02 -6.185215712814250838e-02
-3.227157103440413122e-02 3.125560931855680957e-02
-3.221560254087599273e-02 2.407285739341022066e-02
8.698343228841022567e-02 2.303670918936630979e-02
6.009074029842382397e-02 4.382640566474968469e-02
-1.623203255778174828e-02 7.080988104395322114e-03
-3.341717275760297534e-02 5.243395547877936075e-02
-1.039758730684296750e-02 -1.649942428623531188e-02
-3.036620035881868948e-02 2.920489496033643398e-02
-4.630889124561911319e-02 2.231712454988837510e-02
-1.977808892254747861e-02 3.653088346744115533e-02
6.271496601247872338e-03 3.359008092370042997e-02
-1.018155435153323893e-02 1.958903228461762389e-02
-4.700466266978622736e-03 -1.095796582140470474e-02
1.507703011413159128e-02 -6.043765167916935119e-03
2.193841748406420017e-02 -5.281910936315237920e-02
-1.783899689575299541e-02 2.972841697017856652e-02
-1.786333222367693027e-02 1.606210382539225573e-02
-4.861043955294323468e-05 1.597444360176527439e-02
5.695165470987711281e-02 1.551477752024696052e-02
3.542902555532701642e-02 3.118911257345828580e-02
-6.002922436907629812e-04 1.211956654426693883e-02
-5.984346866060891862e-02 -9.791888393751042863e-02
4.549188705772026775e-02 3.440993643483370584e-02
-6.113334038465294967e-03 1.607928743258951743e-02
1.486856132840362610e-02 4.139883198743692788e-02
6.089642842387255062e-02 -4.006592180262010666e-02
-2.749069703039822357e-04 1.698145721372265951e-02
-9.162457008207322562e-03 2.462434386754196874e-02
-3.320050673703076050e-02 2.092039819911469672e-02
-4.763767983935848077e-02 4.718870973681188637e-03
-4.874424552755808604e-02 -1.013419076234120531e-02
8.118260081300976774e-03 1.361254509767583637e-02
2.831520511752479152e-02 -3.746542087633202012e-02
-4.160824866781741987e-02 2.760302964369834230e-02
3.522501324602615724e-02 -1.512543693946285898e-02
6.869744449735905312e-02 1.556768501675858361e-02
7.532046938258779578e-02 3.348764818403120874e-02
1.020169308807914810e-03 4.074603142134097800e-02
-2.700982845067138871e-02 2.364569462296283592e-02
1.564619304874238781e-01 -1.075559416796284182e-02
