-5.445210375581727158e-02 -1.493359734453094112e-01 3.399879366556564472e-04 -1.257566717889012642e-01
-6.774936924389525494e-02 -2.794465368472013461e-02 1.291326946401226972e-01 -8.694970359640450883e-03
-5.633471247120944853e-02 -1.430191397687595734e-01 8.096095392837285298e-02 -1.441252940985593978e-01
-5.873129033380307396e-02 -1.489534323113153591e-01 5.383112751855653050e-02 -1.460029408485350455e-01
-5.780143564936852940e-02 6.096067044518263534e-02 2.582467079509310343e-02 -1.038944964296471818e-02
-6.194631561153744054e-02 -1.261760971043265067e-01 7.140031664513825371e-02 -8.730147864874586439e-02
-5.447213941105330526e-02 -1.507729680057341148e-01 6.730178206535854246e-02 -1.801987599083130220e-01
-3.218735455850924021e-02 -2.104991787626701583e-01 9.199559767298533253e-03 -3.948948986915220005e-01
-6.076789265656924732e-02 -1.380118588198306628e-01 2.204001289396808477e-02 -6.771230867157784772e-02
-6.628287723837932022e-02 5.118004111320885452e-02 1.165978223366370414e-01 -3.321885018122517491e-02
-6.568412502390447161e-02 4.744899831897886333e-02 9.414235586182510829e-02 -6.160819692646928025e-02
-4.773517080001173085e-02 -7.575848663021722551e-02 1.522618472913184542e-02 4.490610724640758250e-02
-6.829699614907333571e-02 7.858910476286720681e-02 9.248777803084484717e-02 -3.843619267193638250e-02
-5.725173855522720096e-02 -9.308088231067764701e-03 -3.433923655390618002e-02 5.530918415661698756e-03
-5.232100456329129984e-02 -1.372719152160726541e-01 -3.914660626462124204e-02 -1.282438049068481412e-01
-6.822637280640721225e-02 3.665086111522680018e-02 1.364155791578640364e-01 1.177636651684096404e-02
-3.078406787107283368e-02 -1.258018800842651275e-01 4.176265175548529024e-03 2.026572433693998171e-02
-5.606045758172336496e-02 -1.664807620302136137e-01 4.898440736636368309e-02 -1.915034709452009265e-01
-6.627923995832943338e-02 8.768897310284195362e-03 1.728849299902341097e-01 -3.452887485225555886e-02
-6.530906430067341673e-02 -1.114878177762608676e-02 1.093789674495114217e-01 2.266122297541945524e-02
-6.717849520722687928e-02 7.208437560175513792e-02 1.175266115893143504e-01 -8.003436751655514103e-02
-6.556924934453033094e-02 6.034567714477124395e-02 9.481638522753702003e-02 -7.057228965658893238e-02
-6.629651016513608830e-02 4.149075975497373836e-02 1.730621402453462743e-01 -3.992491425898130053e-02
-6.660005267047484911e-02 9.050526272518216730e-02 1.359788637836751302e-01 -4.571756718613064624e-02
-6.759039045836710835e-02 4.669335980303722378e-02 1.417276015211213491e-01 -6.068954995891625431e-02
-6.485641250864308816e-02 -2.792688498502881450e-02 8.979087337964580806e-02 2.396333022362303472e-02
-2.626501567631515238e-02 -1.432247716495291812e-01 -2.831293461154892749e-02 -9.092728908757920225e-02
-6.762718713013306238e-02 1.609102152707115110e-02 1.392910106870140774e-01 9.181732505381207110e-03
-6.759961845583377371e-02 6.234758201905939851e-02 1.052840486125250496e-01 -2.747278119769607993e-02
-8.716188967726322401e-03 -4.367575056850182824e-02 3.990323768339761046e-02 9.103717394194264789e-03
-6.550970923247653732e-02 -7.842845382936300402e-02 4.538284353159539875e-03 -9.743150544752604905e-03
-6.564798093707126247e-02 2.051562311911489869e-02 1.069370866027342243e-02 3.087060524720854765e-02
-4.337516879671290265e-02 -2.122156656863179724e-01 1.711465366981445788e-03 -3.735438661713291197e-01
-6.135374987024128784e-02 7.465115741063073351e-02 -5.969030354077361350e-02 -3.744574747493506495e-02
-6.934229415251177975e-02 1.315941749037360942e-04 1.129432844771808275e-01 5.907502200579761720e-02
-6.636855321299743593e-02 -4.436025831256376617e-02 3.272385671868272006e-03 8.440670586640125483e-02
-6.559538352508238745e-02 4.429270187875915255e-02 9.980489419611549007e-02 2.368606152630678766e-02
-6.890265456039054714e-02 4.901536942792465018e-02 7.126605614032489877e-02 -4.210258861958931891e-03
-6.435512938427982721e-02 -9.464979442155052602e-02 -6.616910733386749399e-02 5.523797009605534852e-02
-6.958532683391664697e-02 -1.539142736413401900e-02 1.716899284330353215e-02 5.152398336976796167e-02
-4.579198182820630458e-02 1.293923474984778714e-02 -6.683586084606382705e-02 4.248603695887685772e-02
-6.457513375315611370e-02 -1.039797711847347678e-02 -3.650060283536576966e-02 2.240914685956449381e-02
-6.227391043818398392e-02 8.646962862606137612e-02 -2.613291005895829189e-02 -1.158039401391552509e-01
-6.909430430162161185e-02 3.162966150831226370e-02 6.433781046870871989e-02 2.232062372686741472e-02
-6.898523438168774335e-02 -3.302985394883033859e-02 3.608817938172171474e-02 7.655863841952284532e-02
-6.900046026245232333e-02 4.915085636342329117e-02 4.080054916160413825e-02 -1.136437528087948234e-02
-6.166360211339552005e-02 4.573238493955197881e-02 -1.433451726071699739e-01 -8.177035545606523015e-02
-6.367856245149314254e-02 -8.793592469760318220e-02 -1.283139437558095813e-02 4.964279936473788013e-02
-6.635839422883216265e-02 4.862742644285406035e-02 -1.469363952330254575e-01 -3.768801005352739875e-02
-6.742775941937410866e-02 4.951597259888688290e-02 1.762437492302351694e-02 -1.950000248196104638e-02
-6.631731918159958217e-02 4.832387814652158720e-02 1.387088365471792484e-01 4.442491785776511715e-02
-5.940404108175024317e-02 2.984235263261687116e-02 -7.543638982829840856e-02 5.679976829426102575e-02
-6.295156885211893039e-02 -1.191590293621349987e-02 -2.154651187262377615e-02 4.206110210310434749e-02
-6.389843304146504421e-02 6.636961775869057445e-02 4.208466041884736247e-02 -3.344896117064954932e-02
-5.246609932525440889e-02 -4.199916374059002588e-02 -1.773343907261809571e-02 6.869652800835786277e-02
-6.408476388111597477e-02 -1.075319032240529132e-01 -1.518666509660119776e-02 5.708688740406738654e-02
-6.239130118178765755e-02 -9.437028380058328642e-03 -2.602760424551615187e-02 7.492703919222057710e-03
-6.608147327522700953e-02 -8.738190894419603505e-02 6.740226057412870841e-02 7.200325366285616202e-02
-6.634776137513898053e-02 6.308330958507347985e-02 -5.121164513284956477e-02 -4.381653564175565924e-02
-6.623593838142392831e-02 8.863701095144585484e-02 1.090086612378541181e-01 -4.664028228903494694e-02
-5.837846912463880850e-02 9.133123960945351005e-02 7.008007552906991844e-02 -1.748972101105119789e-02
-1.316137033432674547e-02 7.282647233137354292e-02 2.204059572479981355e-02 -7.237860411775683123e-02
-6.720838360898585828e-02 5.010319833340070445e-02 2.498474413124431373e-02 -5.548943118513446210e-02
-6.156373485501164672e-02 7.053661776212402645e-02 1.219958948878864663e-01 -2.363099855268309402e-02
-4.540094738623573489e-02 6.554158316796210304e-02 -1.146390183390995771e-01 -3.116624649181981566e-02
-5.190074643654055131e-02 1.497956521389207443e-02 -4.370711332055957077e-02 4.833122308765450820e-02
-6.806311562784959912e-02 -5.756714983003017455e-02 -1.916788637941116424e-02 4.740100030151306321e-02
-6.824626019175816793e-02 7.281331550312195033e-02 1.908802513818958282e-02 -1.049162952575027376e-02
-6.213215040773703568e-02 5.229645927859766230e-02 -5.381536151540612656e-02 -2.151651758231304390e-02
-4.809537165011707610e-02 -3.287903591387272145e-02 -1.002312886713734030e-01 -1.616131327745850069e-02
-6.719349038360716841e-02 -1.933976545672109072e-03 -1.200401159800786322e-01 5.577899006159478534e-02
-6.894980525995142440e-02 1.899348309577840802e-02 1.333070800753767722e-02 3.428849774540341372e-02
-6.758065092483205027e-02 7.097182755504156948e-02 -3.252673555199071115e-02 -5.769057963998206612e-02
-6.590861899422648107e-02 -9.383900520745876161e-02 -5.113905220788682662e-03 6.997368548390996146e-02
-2.463061642942347695e-02 8.219263466325962830e-02 -5.001246942244560144e-03 -7.466788702559304380e-02
-6.805823401751202872e-02 1.207768681287766863e-02 -8.456382966825422287e-02 4.155753461083305789e-02
-6.747099603949328894e-02 -6.307859278179406282e-02 6.554262063158353135e-02 6.371321845167302045e-02
-6.884350091159141538e-02 -3.624934698587075482e-02 -5.185549031218439353e-02 4.162293757612642309e-02
-6.258055045106267200e-02 -5.909752532067008568e-02 -4.599892213460460982e-02 7.914397077923579493e-02
-6.529204950738752566e-02 6.031720214813837688e-02 -8.809126182458963672e-02 -7.247624483153634889e-02
-6.743581246921553918e-02 3.516880860565975431e-02 -5.231333238346327213e-02 3.799813164305718312e-03
-6.629979752267242676e-02 -2.580736263690863036e-02 -3.642178091225432412e-03 4.693483853213278878e-02
-6.248847105254546480e-02 -8.260871414500639554e-02 -4.358130384906359900e-02 4.160988796888134139e-02
-5.078301174771409493e-02 6.071633289569473846e-02 -6.646795614716795308e-02 -3.954619370627299180e-02
-6.398570547912443840e-02 7.200030600705727146e-02 -4.799700824615861505e-02 -4.387107770755042935e-02
-6.051773284049480339e-02 2.064670448412130738e-02 -6.114869031172653208e-02 6.966669473860565009e-02
-6.146003811544398232e-02 6.048384040803812117e-02 -7.546769629496109799e-02 -4.922772374040523119e-02
-6.808595220997906705e-02 -5.296361208602075321e-02 3.775294482148971315e-02 5.957437267022754751e-02
-5.608597330398931713e-02 5.511554832944091931e-02 2.188998419231659442e-02 8.807235805430316256e-02
-6.951614892896076925e-02 1.939753884975646200e-02 6.130051524986759870e-02 3.772818881079820913e-02
-6.776775311878814601e-02 2.181967686220993505e-02 -2.924186669303228611e-02 5.743691205827708424e-02
-6.078693255404003098e-02 -3.076244675862064085e-02 -2.422178216177700918e-02 6.137048994532077334e-02
-6.771162607944131162e-02 5.100946155360917139e-02 1.690525056990438771e-02 -6.668585700961623258e-04
-6.817613297971138187e-02 3.623324086519962711e-02 -5.447970612146376540e-02 -2.609788006055258763e-02
-5.957136013383229622e-02 1.012481569680831750e-01 2.259286808025575202e-02 -7.984854443145661396e-02
-6.934238982034675314e-02 -4.829110327411680753e-02 2.795449425462569887e-02 9.212985120865094246e-02
-6.895091293721737624e-02 -1.243450701098444515e-02 -4.184254054417451546e-02 4.605973494062467338e-02
-6.543208991884467973e-02 8.092053864813443520e-02 6.488340990717504642e-02 1.845290383220292386e-03
-6.679696453294792224e-02 7.713826231990869586e-02 9.946392812058957311e-02 1.777744989798918113e-04
-6.744559886519080338e-02 -2.419185947322739089e-02 -3.809439341930044576e-02 3.148669245774484565e-02
-6.204015663440345940e-02 7.845834131164142189e-02 6.544129314682180232e-02 -4.788375821613097272e-02
-6.821279312001563011e-02 -2.435992089708301916e-02 -4.743010356098571051e-02 3.925320073409540450e-02
-6.787338692520061834e-02 2.743493438023768272e-02 5.358903983428137119e-02 3.526874731823607251e-02
-6.103353149847578346e-02 -1.367448408049187492e-01 -1.908993657946203570e-02 2.155729082105124945e-04
-6.600204480461999146e-02 -9.228441874473471140e-02 -1.386721926150127730e-02 8.743045947138927687e-02
-6.471236412381392578e-02 -5.442668051686434805e-02 -4.141282345670715959e-02 4.013974140095105669e-02
-6.456164691434269909e-02 7.598707922238968904e-02 -9.038035986776357666e-02 -7.430530418141066684e-02
-6.568665641357940288e-02 -8.946465678460494009e-02 5.172104487041709331e-02 4.786193839172372955e-02
-6.971111708336939772e-02 4.657069434405940178e-02 -1.193447925810045725e-02 -1.753077717182279296e-02
-6.294475273452779240e-02 5.227654122481092264e-02 -2.945470006917625533e-02 3.366811696194725589e-02
-6.544242703831439079e-02 -6.743264905230329613e-03 -1.355682651669736782e-01 7.563514526403612021e-03
-5.943247584689116680e-02 5.698188810161183837e-02 6.320946751003517217e-02 5.634290380935374348e-02
-6.820931312662341373e-02 5.291721591629471727e-02 1.451700160120970168e-02 -1.643793980105333688e-02
-6.646404018425622340e-02 8.317961821214839291e-02 6.111213855967576047e-02 -1.654518485845817011e-02
-6.544387435618759241e-02 6.504374215862082642e-02 -4.588253665008523718e-02 -6.662692255277452569e-02
-6.706959760999767206e-02 6.135275063848229932e-02 -4.526741487549317683e-02 -4.790558807870644309e-02
-6.402285034894539262e-02 8.067342415550586565e-02 8.889951105592366898e-02 1.252752932372094494e-02
-6.499930437668408056e-02 3.730416487165476996e-02 -1.187549233235420804e-01 -6.663051370881974134e-02
-6.854060255364140264e-02 6.452257741760759890e-02 -1.537890228996517672e-02 -6.535080616181494773e-02
-5.783101131778928261e-02 -4.474766303424150202e-03 -5.660366532661930544e-02 3.515093020759939985e-02
-5.473829950303772673e-02 -3.387023228152630933e-02 1.749564871783556436e-02 8.723137042540565766e-02
-6.174048596786983062e-02 -1.298432688725279505e-01 2.980705347088380072e-02 2.317824635702952010e-02
-6.588206096370231857e-02 5.652613520044742074e-02 -3.462843649510933489e-03 1.480859518046477412e-02
-6.560867463404473909e-02 3.119598232547578232e-02 -1.397523386281592818e-02 3.886175376863503644e-02
-6.901265912655960011e-02 1.185433825780799963e-02 9.942213099802194032e-02 4.456726857260624730e-02
-6.351490863018513511e-02 1.550416426993918295e-04 -5.421184634789800311e-02 3.831185191091367875e-02
-4.969825816793007472e-02 1.045077781236455547e-02 -5.133898031683331586e-02 5.156061440311192345e-02
-6.357839833331849211e-02 5.949449240369837633e-02 9.413631447348334846e-02 3.625975491854622340e-02
-6.095452552565081006e-02 -1.155128325536126238e-01 -2.213117771166497189e-02 5.908835973103056943e-02
-6.305963953417949297e-02 7.652048830316166006e-02 -4.408785295174755432e-03 -2.159474201180785688e-02
-6.871540501460855765e-02 -5.041385221526824278e-02 8.603496167459960542e-02 6.601849992705532966e-02
-6.626487132788082268e-02 2.029766303223975304e-02 -1.037046627249868375e-01 1.728392006910163450e-03
-6.926865248705646461e-02 2.076874027395806538e-02 3.924480563575170888e-02 3.768053811474304793e-02
-6.189104765198405467e-02 -1.352162981703796396e-01 4.636753006345311484e-02 -1.000751922048943865e-02
-6.125866228133834690e-02 4.813185437692844848e-02 -7.601292507497334205e-02 -2.819442868256029008e-02
-5.785576726984606455e-02 -3.635712130718213309e-03 -1.943648984812456140e-02 4.767086408452411023e-02
-6.815335510624495607e-02 -5.254986014705259612e-02 5.435952691133931480e-02 9.104921466758064685e-02
-6.801634758010111081e-02 4.887300761615063355e-02 -1.196295733929050517e-02 1.806506697094532876e-02
-5.838171786150297971e-02 3.789162985154571200e-02 -1.270406643160569837e-01 -2.745600443261990431e-02
-5.839046393753921649e-02 9.369844542806778087e-02 2.552225537850481840e-02 -8.340561999581103114e-02
-6.432636332719435246e-02 -1.062961747596590928e-01 3.428282608699655815e-02 5.867636338355593228e-02
-3.961645862012868474e-02 4.776397027049301969e-02 -1.138654949732380434e-01 -4.306774072969218187e-02
-6.776239171326468858e-02 3.994602025679994811e-02 -4.617994862709792758e-03 2.485347053947053325e-02
-6.630513041375588057e-02 8.109906010644651886e-02 9.052687846583701292e-02 -5.333550564825158963e-02
-6.382340585590820514e-02 -1.092380900794452658e-02 8.657072315693534192e-02 -3.757863236277537294e-02
-6.695162632935949820e-02 -1.289067636116094664e-04 -3.347997037691458760e-02 3.042781414150901378e-02
-6.586370252165177352e-02 2.013137530178069415e-02 -4.606810651029430437e-02 1.441708227245750568e-02
-6.280676179945345050e-02 6.165211353424145113e-02 -6.926151769364606581e-02 -1.383927310088918852e-02
-7.007512920268005319e-02 3.508189966172041430e-02 -3.229119604730674303e-02 -4.284699385846495699e-03
-5.850654820948333890e-02 2.250363189729276577e-03 -8.987997976861676619e-02 2.584327709951015142e-02
-6.117690112555840276e-02 9.780011506011829572e-03 -6.421550866302357108e-02 4.038063872904328749e-02
-6.518849886074107314e-02 7.581195567201073904e-02 -1.322546723812533485e-02 -5.414348740883187516e-02
-6.720194934744344595e-02 6.472948385821429562e-02 1.455129237868325598e-01 -3.628663617020396609e-02
-6.910525827871161209e-02 1.383604221722842427e-02 -6.531629280425084449e-02 2.273837246529547898e-02
-7.046934301697704850e-02 -1.242292895228530245e-02 -2.196373086517221934e-03 7.604819678473331845e-02
-6.545740253809875786e-02 -2.216466117889254184e-03 -1.006117398314554795e-01 2.055804501866086847e-02
-5.699261786207571179e-02 4.239643375311021034e-02 -1.163075624208843445e-01 -5.572888613132356145e-02
-6.375613193989913829e-02 2.005305438320771280e-02 3.545680110438412247e-02 8.720404727872284323e-02
-6.923640228375413375e-02 1.248059031933737920e-04 -5.510472413576345679e-02 6.742328070563900766e-02
-6.636661021159914742e-02 -4.431530132238823555e-02 1.238373889839660263e-01 3.649261939364577267e-02
-5.888067849977518531e-02 -9.222796679682807031e-02 -3.064066707762767156e-02 7.141483720803784574e-02
-6.676759686646183134e-02 4.979089594657231527e-02 -7.055301095391426636e-02 -3.973721723131399403e-02
-6.171428591706121236e-02 3.276080641593850928e-02 4.114772810808933062e-02 1.694443199097319872e-02
-6.467760785878177987e-02 -1.175679891967489621e-01 1.912724124489513511e-02 6.557741187057970766e-02
-6.484071413639977410e-02 6.570989796517237753e-03 1.372144336114692886e-01 8.636985822189630069e-02
-6.138138084323859628e-02 -1.264785019978243996e-01 2.083830851317935995e-02 2.459985907507020869e-02
-6.938312822494323295e-02 -2.822959934419511790e-02 -1.192438508764420528e-02 6.648445124384147475e-02
-6.389248155503879367e-02 -1.017169424024116919e-01 -4.117733402427340567e-02 3.562892762998390306e-02
-4.300356128320386578e-02 -8.902655386755949085e-02 -2.877015844565237665e-02 5.288240635580902793e-02
-6.081133228642707222e-02 7.660891581173102927e-02 -4.034367699378335614e-02 8.092993717062981623e-03
-6.913813161607591795e-02 -7.224310032197508828e-03 7.696998962806196609e-02 8.957288215137831910e-02
-6.743378636274197091e-02 3.473648764581094804e-03 -3.476804615330646858e-02 2.186649049382422688e-02
-6.594683522310111623e-02 6.827258953150365170e-03 8.639300979581315820e-02 1.202456827998240607e-01
-6.445221394090944189e-02 6.373988204566727322e-02 -2.982153634804809300e-02 -4.772338700101098896e-02
-6.142889231384115328e-02 7.311358898185733868e-02 -1.398255205656053282e-02 -4.067187214342427720e-02
-6.176813879756302278e-02 3.811530278598358745e-02 -7.774202745056764396e-02 -3.751380393534607671e-02
-6.059833263564384787e-02 -2.874434995713208776e-02 -1.082610010714734304e-02 6.568674977926866609e-02
-6.563155389925660887e-02 -8.758566168694577325e-02 4.034894802453137252e-02 8.491198433561042425e-02
-6.745517316590557422e-02 7.973033770781054463e-02 5.519332252720883514e-02 -4.089425636294546917e-02
-6.717125247699357038e-02 -6.628478755064466654e-02 5.148719110332781318e-02 9.218551177100101079e-02
-7.074867497465606170e-02 1.105581518605749589e-02 -8.858041240816714318e-03 4.781555177460439926e-02
-6.657893265421546691e-02 3.984266003036235348e-02 1.524655563750656855e-02 5.373725760626019837e-03
-6.614302693368979968e-02 9.062399689880414055e-02 1.949037248792838406e-02 -7.881160614914141382e-02
-6.294522233104522801e-02 3.594869781710713190e-03 -1.054057762450866381e-01 -1.393480451325795032e-02
-6.905406402594752024e-02 2.844126761684558774e-02 1.333559799144023485e-02 3.433449086952586327e-02
-6.799333172514511470e-02 -3.217341486962862346e-02 -4.072075939974594688e-02 6.157386367355854873e-02
-6.767416362069372804e-02 -1.710190603851294289e-02 -6.348113578119202183e-02 4.617536929176702803e-02
-6.111685439244864126e-02 -6.146721988103221596e-03 -7.144595340642810599e-02 4.511338231693159950e-02
-6.371963179699240143e-02 1.043505735667912271e-01 6.795339454639214016e-02 -9.398064794536946376e-02
-6.589606462476227389e-02 9.055042821449423018e-02 8.604205484796752235e-02 -5.714934257950110563e-02
-6.855837021120543551e-02 1.169274314207312433e-02 6.444220706673935151e-02 1.109447944052264629e-01
-4.921128958735987435e-02 -5.780735556918777107e-03 -5.778341159385663034e-02 1.420225669091147377e-02
-6.873958164941136595e-02 -1.754492067307378972e-02 1.095824046061649459e-01 6.862225155497247986e-02
-6.789887244199160898e-02 -7.393429065660511723e-02 -5.251748582458250908e-02 4.915652450178389921e-02
-6.723335166857717649e-02 -2.906970593509887110e-02 -3.686842007944646227e-02 7.681408863975432155e-02
-5.226956520556579056e-02 -5.166602390324399191e-02 -9.759084417543136686e-03 5.974449718599144504e-02
-5.277606798425309859e-02 1.468367737258084380e-02 8.614990393586074990e-02 2.150335009587365370e-02
-6.106017241284711350e-02 9.198156325768576391e-02 8.614147214994252386e-03 -1.045990658767489700e-01
-4.768417970306719489e-02 6.660098500765371590e-03 -3.479501610984392368e-02 -1.036719241649000298e-02
-6.500281441203266397e-02 5.031079721818732670e-02 -7.499823389546156349e-02 1.267911666721079078e-02
-5.331009670371141679e-02 -2.060281062004285998e-02 -1.518663019298947120e-02 7.446241545265309958e-02
-6.395479965062356165e-02 -3.093225356555075883e-02 -5.233175852502529313e-02 3.749600495467832195e-02
-6.418038613674703630e-02 6.593174718774055809e-02 1.379946054587432441e-02 -2.110141591491485752e-02
-6.681888062158730657e-02 6.839199666166739799e-02 7.357737362494126687e-02 -3.823298701595479604e-02
-6.690775791448902443e-02 -1.511143485585691830e-03 -7.380893511656652639e-02 2.861887199458670091e-03
-6.808245626593241451e-02 1.391050526345662119e-02 -1.821639816674764170e-02 2.780164644156043335e-02
-6.549191935554395105e-02 4.744301409918601220e-02 -1.900191874337379613e-02 1.417828437880977628e-02
-6.634907017141851437e-02 -9.398301730317219771e-02 8.266125288517496561e-02 7.532857819278621081e-02
-6.264358713076471907e-02 2.260015976433012858e-02 -3.430882887921010010e-02 5.331347109774353665e-02
-6.502012030189840974e-02 9.887650760383862036e-02 1.237158118052225364e-01 -5.459424449574624971e-02
-6.462061683267614209e-02 8.185573419662182937e-02 -6.914569184104753241e-02 -8.556613559564917038e-02
-6.715925255442904696e-02 1.428652290794209592e-02 -6.061665989252507103e-02 -3.316242596123810966e-03
-6.454393038161902740e-02 -6.552824899071357789e-03 8.732192986861011044e-03 5.252976570602593126e-02
-6.475130886030204536e-02 4.623920293524691472e-02 1.024353023799620260e-01 4.652517235635706370e-03
-6.731634069878995874e-02 2.736608196604008864e-02 -2.219735157089793368e-02 2.230613693438281836e-02
-6.829025290603545073e-02 -1.431751540539932810e-02 -7.933543314907910704e-02 3.688441935416203465e-02
-5.058369802325760750e-02 -1.582141527427311789e-01 1.749920772748594922e-02 -6.241938368410231142e-02
-6.610999938751617455e-02 2.194148445678108933e-02 8.717554481314512826e-02 5.077767937554074351e-02
-6.819828025401583615e-02 2.061621126660993092e-02 -2.622076125502823332e-02 4.414391840069768064e-02
-6.439421868664574333e-02 5.516880941332204247e-02 -1.085801427029237931e-01 -5.192576325593602909e-02
-6.807943616547933174e-02 -2.590973483208931522e-03 2.663808523836561516e-04 7.267713927252268669e-02
-4.658371619543616449e-02 2.148297021964440390e-02 3.991226119540623729e-02 4.218284187778362226e-02
-5.962229806478328009e-02 4.867212458910093881e-02 -8.117767296126454646e-02 -2.246879902511369348e-02
