-5.936073836533726882e-03 2.340509470662790747e-01 6.380897324055312403e-02
1.042270849719700576e-01 -6.521696546032887398e-02 6.933031488447244373e-02
1.243570809162814067e-01 -5.692582823769831712e-02 -3.385429916879039575e-02
1.120922666791692168e-01 -1.025243436783331991e-01 -1.213443121722894077e-02
-1.201402795034972187e-01 -6.873610662725231080e-02 8.314462013352814929e-02
9.641554066580283744e-02 5.906056763640709500e-03 -1.174844604623688851e-02
1.050003212689239601e-01 -4.114678706652340201e-02 3.058731488504542323e-02
-9.534611406969092928e-02 7.317960864008887789e-02 -9.808560595982075692e-02
-1.513811629094458655e-01 -3.791612046923108215e-02 -1.267978168939228045e-01
-7.356849211060051408e-02 9.849372369354038315e-02 -3.317924040930744778e-02
1.050455117750292849e-01 3.841155883403983562e-02 -4.626960233746007199e-03
-9.664439378568484562e-02 -4.577285857459453128e-02 7.465631715052852002e-02
-1.677618055657937590e-01 -1.733427013082884313e-02 9.694717272842143241e-02
8.205890886423351793e-02 5.487804597124867900e-02 6.276187657497325767e-02
6.208448021949483642e-02 -2.603562043123653844e-02 2.957039457920561734e-02
-1.112979374615602306e-02 1.813813602111202239e-01 8.178423715568830521e-02
1.149096502619544394e-02 2.427849638263361864e-01 6.316273944732483936e-02
1.332973866230642741e-02 1.084117476088528043e-01 1.008740585989802326e-02
4.854555189225887718e-02 1.412059401894810162e-01 -8.826189618880195265e-02
1.248921138406787340e-01 -9.778462371613343140e-02 -1.074019395306097524e-01
-1.444879575661178472e-01 -1.213502925041098357e-01 -3.677195214634799980e-02
-1.313438861452596307e-01 2.736973180347830603e-02 -1.038984686194114188e-01
-3.651611883777437090e-02 -1.127023694369446855e-01 -9.061411946089874270e-02
1.405128404784545815e-01 -5.764088437651099933e-02 9.414865138450120852e-02
3.668227898504351769e-02 1.602282186888113341e-04 -7.032770856528164360e-02
7.102892931827041456e-02 -3.005494885695633722e-02 2.247354216392759840e-01
-1.578767628886575403e-01 -9.713817483260540897e-02 -9.376905055184421578e-02
-8.086618662657810153e-02 1.396296409691214976e-02 -1.018544504851731647e-01
9.947549909839539795e-02 -5.105507693040269718e-02 1.000151417231443518e-01
1.105305004004640823e-01 -3.995410457841094831e-02 -1.351985605996889467e-02
3.351815954012819093e-02 -6.765668901096387466e-02 1.414475894206177475e-01
6.952999885354969878e-02 -1.279530421037498589e-01 -6.535191059158575178e-02
4.020083074614334839e-02 3.297271662798863939e-02 1.666690979025599317e-02
1.053601153209970387e-01 1.057951694287840305e-01 1.687952189761484506e-02
6.087028182057873521e-02 2.523658122090319863e-03 1.707365486456365045e-01
1.196230467792841201e-01 -1.304565371457457879e-01 -3.704519065721439963e-02
2.643362958523797282e-02 9.906695369226599379e-02 2.277496859185207390e-01
9.726296704906629842e-02 1.533270876988512485e-02 2.454323550025392861e-02
9.879258765909772200e-02 -5.369382682420997810e-02 2.454716494170508176e-02
1.012539091069034614e-01 -1.202148412570736569e-01 3.779861365246817151e-02
1.140077562578168391e-01 -9.262235088537956740e-02 7.315786708236166058e-02
8.745933017875355542e-02 4.903230573705555893e-03 -3.224456435076848010e-02
1.443497299813400678e-02 7.976290560365802140e-02 1.791391565831702490e-02
1.399438695145609757e-01 -9.114335297431477856e-02 -3.122869548029745534e-02
-4.762976714438778292e-02 2.073125094356553788e-01 -1.377353702505685340e-01
-8.521004859854994229e-02 8.032713535519510339e-02 1.756032993347622639e-01
3.861010319825871739e-03 -6.604032148752887743e-02 1.529012361597965608e-01
-1.369990151687149327e-01 -4.831027519722708163e-02 1.282172103087691195e-01
-1.479926575771498866e-02 1.985608206945292387e-01 -9.198880172032022906e-02
1.220098696910872360e-01 -1.600418557226873997e-02 1.187772549806244589e-02
-1.173384728407754624e-01 8.165491683994217584e-03 1.604815745691206830e-01
8.652569336289900326e-02 -2.895086852601171101e-02 1.506947535461389820e-01
-1.277685300270191004e-01 2.824130896029187696e-02 1.407526250722870576e-01
4.799298778622714499e-03 -7.193826601788555486e-02 1.894654390756373178e-03
8.324834864050512095e-02 5.410703603739830392e-02 -8.600231178947925770e-02
1.460345111688030884e-01 -6.630721093376250319e-02 -2.962051624132889041e-02
-7.193115394972901533e-02 5.147524850500437982e-02 3.600179760796195366e-02
-1.416635983305044588e-01 -7.315816621592688418e-02 1.285846615400557669e-01
6.782039429460059998e-02 -7.664971649286263233e-02 -7.221887160797114957e-02
8.944981702408383306e-02 1.056424043415590645e-02 6.680424470008499913e-03
6.847460109732381173e-02 1.128685084469395333e-01 -6.918211378297435543e-02
2.190804141537125438e-02 2.153958436791200415e-01 -3.033680634908348089e-03
5.785700570691489769e-02 3.025797432736408721e-02 -1.528459131554441540e-02
-1.015775747386790939e-01 9.951154551466560860e-02 -6.105124522918264907e-02
8.885936364051658098e-02 -3.380952876508657584e-02 -7.428962558843522912e-02
5.183071511587451080e-02 3.315776266827329816e-02 1.741495857125113511e-01
-1.198010740447627842e-01 -3.448955462124633775e-02 -1.522000009970404626e-02
-8.507634359796133194e-02 1.162982411790645793e-01 -7.463015377402616897e-03
-4.085807245894677170e-02 1.015361511769860559e-01 1.623235098834463208e-01
6.745116833442010851e-02 4.464286029197966910e-02 -9.207258033095004623e-02
4.971346353662098316e-02 -7.317052619645876554e-02 -6.638815273998671662e-02
1.143121131233476723e-01 1.416718495485299288e-02 6.394934306236720045e-02
-5.074504537682851014e-03 1.288160686622701334e-01 -7.644923707462149276e-02
5.146371971371517529e-02 3.152369024797557762e-02 -1.587217017377779218e-02
-1.535645528571452090e-01 -1.195451383089110170e-01 -6.170502978500388286e-02
-1.035685569904615799e-01 -3.176912014558116309e-02 7.726717114249792573e-02
7.794683439481266130e-02 5.199867740164480084e-02 1.501173569421442866e-01
-8.279948202953070491e-02 -4.748474296485644119e-02 -1.578400954941082401e-01
-1.260211791658056302e-01 -5.398315025549830365e-02 -2.237903159650243140e-02
-2.421375291698419849e-02 2.340095160984160746e-02 -1.981774065968557735e-02
4.234041972371793000e-02 -7.008573623032558764e-02 1.071116520756339591e-01
2.138732612047677256e-03 8.952452327501889129e-02 -1.190980036225006422e-01
-4.287546774306370129e-02 5.600103960676332260e-03 -1.343468062775421690e-01
-1.110993911626107777e-01 6.755876701692568875e-02 -6.699804378613508343e-04
7.050960061642520815e-02 -8.797291612869644062e-02 -4.167154528727216173e-02
8.160643706649235718e-02 -6.127723601206506998e-02 -3.793993768209420053e-02
1.156093990247939185e-01 -6.600784532175128783e-02 2.253027851397048850e-02
-1.193736543517487196e-02 4.325218557231245292e-02 9.625588589891499736e-02
-1.547813027536711350e-01 -5.848126734480430661e-02 -5.298197718529925465e-02
-1.318107666341537809e-01 -4.411790761942399218e-04 1.417683083519948040e-01
4.951668303008373989e-02 -1.143967283137139745e-01 3.072651022001546967e-02
3.395644891163814710e-02 -3.150048787800937417e-02 7.334359994199163291e-02
8.623451850733079849e-02 3.466608801491925795e-02 4.993183201902531149e-02
-9.991197324731937793e-03 -1.195676737764615055e-01 4.058297096413938237e-02
-1.159273568793957598e-01 -4.138866678042922576e-02 4.869598120886069886e-02
-1.364902875282851813e-01 -2.723995980219294163e-02 -1.903499028519071556e-03
2.607263221395591385e-02 4.334893045460721378e-03 -1.962050866861150128e-02
-1.756941589827141215e-01 -6.734513479096886079e-02 -2.641475486664231903e-02
-4.723610816668678131e-02 1.702439619063683685e-01 8.215257691384088290e-02
-1.342200594557855231e-01 -7.895177427174426832e-02 -1.071631685496168551e-01
4.840738833988992434e-02 7.030594975330446694e-02 -1.174204902829528024e-01
9.492690958945135260e-02 6.369962262336087422e-02 -1.180925954702478492e-01
1.165947153215227822e-01 6.998325837212879263e-02 -8.629057429597053464e-02
-2.383352620129852023e-02 2.389428587156731676e-01 -3.177531384493151312e-02
9.342266975596009992e-02 -1.904256757966015651e-02 -9.472532388615820254e-02
9.370572365861250252e-02 -4.530675768537080483e-02 -6.819029322822936501e-02
3.564323691405588135e-02 1.749322008951073593e-01 2.918974382690862034e-03
3.897486440321230872e-02 -4.777827163668148247e-02 2.133734387862504245e-01
-3.328429990632787022e-02 2.144553807961994685e-01 2.645614951136075407e-02
6.293621862088776345e-03 6.974030635385670973e-02 6.584758480570079842e-02
9.275615179738427862e-02 -3.938222645858321241e-02 -1.151359564183184608e-01
-9.363009635101929296e-02 4.892156334511151700e-02 1.305552120250927026e-02
1.062592362137761565e-01 -1.206046119582327297e-01 -5.898428242308557251e-02
3.691293801368439320e-02 -2.611684603049248092e-03 1.928035875487053852e-01
1.018541347073447373e-01 7.021160105688949160e-02 -1.049470995391913603e-02
6.709409991837133637e-03 2.479824508520783385e-02 -9.897523341031271016e-02
1.074945964763943523e-01 -6.427256249069367156e-02 4.129518091385721984e-02
8.084498665097140935e-02 3.761587331375174786e-02 -1.794877509613540534e-02
-1.534606678685699055e-01 -1.063252455985114892e-01 -1.002773440626415213e-01
7.514352276554037147e-02 -4.578772766714238329e-02 1.278132767698698102e-01
-1.035616266191296819e-01 -1.912461526989005234e-02 9.830595487676092870e-02
-9.594934276730714140e-03 -2.025248522308022853e-02 5.234594312732070848e-02
5.587511850129125296e-02 9.534140400878918231e-02 -1.345085021379754109e-01
-2.022967804963803594e-03 2.337058688704875264e-02 -1.052981217188918711e-01
