-1.891231492750162710e-02 7.375878146052121387e-02 -2.298378768391483480e-03 3.307919504746510090e-03
-2.111389398894105915e-02 3.546291292234796111e-02 -4.521774640672009821e-02 -5.282617354692340644e-02
5.679765503758225920e-02 -8.957271217019277532e-02 -4.195025305631509133e-02 4.123325573580884779e-02
8.544616950990351067e-02 -1.018421692740124479e-01 -3.023151422960832987e-02 2.734823394216219158e-02
-4.627331802189266208e-02 4.492291405619141392e-02 -2.659892244293370067e-02 1.120451580344534320e-02
8.581594118511402802e-02 2.461394066087840143e-02 2.168310298108292941e-02 6.042684245073062788e-02
8.360682129683338903e-02 4.364225000459874548e-02 1.222513972483355894e-02 -3.679805745359618352e-02
1.224141839315221747e-01 -2.585879069708508712e-02 -6.368820684749851302e-02 3.788548070646204254e-03
1.022382740304784848e-01 -4.815890359166796753e-02 -4.517471941124655277e-02 7.464718759667782200e-02
-4.643458208364737577e-02 -2.458069321775728164e-02 -3.810596915120486455e-02 -1.933227565072712789e-02
1.803315494295805455e-02 4.625220977885854956e-02 1.209186073899197883e-01 8.366898897870628238e-02
-1.572954401552972489e-02 7.298041979788324161e-03 1.738278393701937763e-02 -3.188798603058546483e-02
1.422429045152278498e-02 2.226687085857212423e-02 1.550807308505918782e-02 -1.326810082658452516e-01
1.142894143293111814e-01 -1.238134177619781492e-02 -2.656376958932302711e-03 -6.029199430793637238e-02
-1.984019391021264039e-02 8.380586414205708212e-02 -5.093730675739650826e-02 3.000136776489362514e-02
-3.962618056418326651e-02 -2.098046065160086206e-03 -5.177946501008953185e-03 9.861700653692064000e-02
-4.887846591091157822e-02 1.572265620209508871e-02 2.599699348845759331e-02 6.373181334984837076e-02
-2.097572613792350257e-02 -3.532666413079100370e-02 -1.912189585404994521e-02 -1.960880410848416314e-02
-4.271315226959528782e-02 -2.855491645650285945e-02 -7.998988926101464891e-02 -3.287059477041636563e-02
-1.294087932236258343e-02 8.380249768186487369e-02 -3.553953795192546505e-02 5.269719450739712707e-02
-1.318754407702661668e-02 -4.290754456432172709e-02 6.695549137072907830e-02 -3.941586743773255186e-02
3.132901120745149731e-02 -3.536560810333848337e-02 3.367520941556184644e-02 1.091424032967245467e-01
-7.035065759560513513e-03 8.918205141268682745e-02 -3.112721062901649405e-02 -8.855167782965389298e-03
1.210246592749916056e-01 -4.674216867265208047e-02 -2.297615055268334081e-02 5.467589333392506440e-02
1.638597789448410433e-02 -6.544145383532733173e-02 7.165049745482141019e-02 3.875388181037880964e-02
1.080269018120463276e-01 3.560945466749180360e-03 -3.605374417674501314e-02 -1.091840825009649256e-04
-2.579956798663649020e-02 7.606082773202664342e-03 8.574129883996696802e-03 5.516776720662187883e-02
-3.652035544892563712e-02 -4.634481455426636004e-02 -2.334671784436047684e-02 -1.184837095236988304e-02
-1.977800891192023347e-02 8.753838271683753169e-02 -5.518838660183497669e-02 1.360586679085959601e-02
1.567942056708390708e-02 -2.985041257682809895e-02 8.025061780081479967e-02 -5.138998327381029407e-02
-5.431524890608668138e-02 -2.756286014348338295e-02 -5.225569831684739874e-02 -9.148598135236729774e-04
-2.325426678363271688e-02 9.460253839699514500e-02 -9.347484857507830369e-02 1.898777608196055081e-02
-3.771631330614560323e-02 -4.735886418378882669e-03 -5.879073414949723131e-02 -2.879293542756781316e-02
-3.476552568190111742e-02 4.566203072262724899e-02 3.961732045745036158e-03 -1.358533958120318637e-02
-2.721091765217609898e-02 9.368480530927159045e-02 -6.421951169009793015e-02 8.775616728479493714e-03
-3.297691419302790916e-02 6.229888511476527196e-02 -4.180321668095950127e-02 3.477991584742205766e-02
-1.168618251461084508e-02 3.388119239209829575e-02 1.013486144564916813e-01 4.471364522280788650e-02
6.551096787412037659e-02 5.214358566682039675e-02 6.667518469387703501e-04 -4.276821320696594375e-02
-3.520743588176555167e-02 2.865231131053415370e-02 -4.385764655821863117e-02 2.057506975351754835e-02
-1.053615058504178345e-02 9.317329466119421769e-03 8.671352295781332986e-02 -2.080821976011386701e-02
-1.645576381976445596e-02 6.152275789377290548e-03 1.094020430649961378e-01 -4.030602574927983489e-02
8.331767716938610902e-02 3.804385622642722509e-02 -3.135359527491465848e-02 -6.593111358884572171e-02
9.565719466060057519e-02 -1.625873062038359421e-02 1.136481354797364354e-02 5.353118271267065520e-02
1.815792179316086732e-02 4.031168062455451478e-02 1.426442774748641340e-01 -2.258017915335803691e-02
9.249470100136789052e-02 3.106259983384375336e-03 1.193550832223616055e-02 8.214110041899241876e-02
-1.865365292949684381e-02 -1.942723459711885028e-03 -2.462078980681753348e-02 -1.841445776671689696e-02
-3.157381375030796078e-02 5.135186040018531461e-02 -2.234641450702169047e-02 -5.063896272171251184e-02
-1.364308702603524680e-02 5.429670537249971923e-02 -3.420619555296575132e-02 4.509757184837574068e-02
-2.484956137086583722e-02 4.789268926426229478e-02 -1.511134671581797033e-02 -4.667126396458099596e-02
-7.691636041554175424e-04 7.482901505968646283e-02 -1.114432158036709856e-02 1.000825492145895760e-03
-5.525927504487943009e-02 9.724213734164859763e-03 -2.867748894276691066e-02 -4.880288201656563830e-03
-2.338593424998561265e-02 7.687844232726324945e-02 -3.119808941961833837e-02 -3.282192284939458582e-02
-4.353534533845033333e-02 -4.103624445060839038e-03 -1.262050348508579958e-02 1.495956611591743764e-02
-1.467548201326635340e-02 -1.729728396360003667e-02 6.799779039977103812e-02 -4.031100203807953287e-03
-2.688759899090741035e-02 6.614679605233720824e-03 2.003996729335495372e-02 -8.737374348335323615e-02
-3.871362044876214270e-02 4.413404373834695776e-02 -2.855084192547847552e-02 -4.097364918223822539e-03
-1.273505302544430604e-02 8.264543057389235614e-02 -6.356933460223812560e-02 1.552153750820961867e-02
1.179367339470987625e-01 -1.863062000341984478e-02 -4.847141514137712215e-02 -4.853779205351856779e-02
-5.607766223763402391e-02 -4.842326461072600507e-02 -4.001376730691406231e-02 1.582974776430244937e-02
1.067390342441394691e-01 2.126407188689790131e-02 -4.609826066570642256e-02 7.087403268314531116e-03
-1.474238038587898612e-02 9.711056206365621668e-02 -8.411178225542374765e-03 3.189386068030925642e-02
-4.303604314252849200e-02 4.135806046493022831e-02 -1.757419854897767850e-02 8.821473014126421375e-02
-8.292315849146341539e-03 -5.095712009175377283e-02 -1.297867048682525490e-02 7.235786987202523848e-03
-1.794768228631989787e-02 -5.040557473247836082e-03 -2.962916490965046556e-02 -4.411525535411665172e-02
8.405860527385378145e-02 8.698084812316776368e-03 -2.911011778627793992e-02 2.842933207606541252e-02
-2.882016784480709651e-02 1.101510937300335807e-01 -2.743880405627211264e-03 7.271079452975279245e-02
9.089670477613634447e-02 -4.734591603100989088e-03 -2.795249114563770274e-02 2.890350891672310504e-02
1.589028073064484292e-01 -3.930283558384078252e-02 -3.931199293466614703e-02 4.235898676768196092e-02
-3.680493424793129797e-02 -9.418908357772077730e-03 -3.479496690518118357e-02 2.042192286942608875e-02
-3.655588676693372757e-02 -1.862298611338804311e-01 -3.731806744829535560e-02 -6.984842030759424308e-03
-3.741981920408427725e-02 3.373912165683836534e-02 -1.767164100812924910e-02 -8.062373877630917007e-03
1.023411497285541157e-02 -1.187421616556130289e-03 6.223494942791468060e-02 -6.526466535467757846e-02
-1.036469880960472559e-02 -1.428303988297142078e-02 2.173004701469994152e-02 -2.332408876609685586e-02
-2.415736059324723531e-02 -5.510229480060181012e-02 -1.532169766989469051e-02 6.264026395903957156e-02
-5.636611440280171748e-02 -1.169313017314478204e-01 1.407546504907210803e-02 2.613247681134751171e-02
-1.871449463252007617e-02 1.310016550897159099e-02 1.054318431320061811e-01 -2.004559425567885300e-02
-2.552778681662624949e-02 3.920444925311991451e-03 8.925540865844819316e-02 -3.415665606362176809e-02
-2.749023569214837509e-02 -6.364558888236686307e-02 -9.998021468415449822e-03 -2.287358885190987970e-02
-6.934381285832993437e-03 6.475907105027724209e-02 1.171538893022131683e-02 -4.395350872518574009e-03
-2.916646448155987489e-02 1.781970438076459565e-02 1.117442701557295678e-02 6.355745983045937506e-03
-1.600639195810353230e-02 -4.484190447093385303e-04 5.082178508855676735e-02 -8.390311803344799313e-02
9.040533925789573377e-02 -4.473832070266772071e-02 -4.056140402470137692e-03 7.016948654898249628e-03
-5.173593263614485044e-02 -1.983073629589296449e-02 8.501120801614897322e-04 -1.579836116077058122e-02
1.036320713580137082e-01 -3.182079490979702191e-02 -3.328109192579016551e-02 2.805964684652681798e-02
-4.439143380581786480e-02 -2.050343179329601820e-02 2.693456550010913438e-03 8.341999497515806272e-02
-2.304693247052694294e-02 -3.010604162331823389e-02 4.838134321790048264e-02 -5.611110319061356905e-02
-3.979503239839814882e-02 -4.786772885251668053e-02 -2.279243557874261611e-02 1.299483637976960732e-02
-1.254099244146176552e-02 -2.877605660390704367e-02 8.344137144359420333e-02 -8.646282730483295306e-03
-4.627192959382863541e-02 -5.997237540211176193e-02 -3.627596709835642381e-03 -1.277398091172179083e-03
-5.348874909403738415e-02 -7.630059045992483580e-02 -4.727183665252374274e-03 5.841559310414222439e-02
-1.877197379863838542e-02 2.313140384200950209e-02 8.445234581427768505e-02 7.057183466126062954e-02
-4.845834670858999160e-02 -9.611856599608428753e-02 -1.605879934492653385e-02 -9.410813473384236835e-03
-3.487977365943793068e-02 6.809910671085132525e-03 -6.455398550937292701e-02 -3.807623267783494941e-02
-5.030155208309135956e-02 -6.716754431053573171e-03 1.465595395726502354e-02 4.531061452264357331e-02
-3.647435352771671857e-02 -3.219592770640197082e-02 7.006577694771241351e-03 -6.063550033696189084e-02
2.298874228592121677e-02 5.924825624318055123e-02 -5.104449273997551696e-03 -7.718840805399901361e-02
-2.355107684878332552e-02 -1.054248406956457065e-02 8.311102450006442599e-02 -3.559807120740292319e-02
1.318752581503961942e-02 -3.040701147340633959e-02 7.885679321913534323e-02 -2.267425263009176586e-02
-3.373879074546263374e-02 1.698015729220608144e-02 -9.177273547769626560e-02 -3.393159959495430089e-02
-3.909394544425515150e-02 -7.929691779375005935e-04 -2.182492537028337884e-03 3.586762074787049753e-02
5.528123466322408530e-02 3.285888897524257696e-02 9.492899616854709455e-02 -5.654412518581240603e-04
-1.250374611447732480e-02 2.801868605111122734e-02 2.482247438865619119e-03 -3.891163727740885175e-02
-5.117539024343371878e-02 -4.168715443104348967e-02 -4.418317848645696155e-02 -3.728091678711046436e-02
1.625493082498108768e-02 2.329501432931319407e-02 1.205806142571269057e-01 1.124842775499539267e-02
-3.380408645664287337e-02 4.313289931582068443e-02 -9.167136562651714490e-03 4.110250575610242124e-02
-5.430020517673257024e-02 -4.583318964004735180e-02 3.224065609014486328e-02 6.447030089632371785e-02
-1.206272125228379302e-02 2.348213719401238964e-02 -3.995575144406957047e-02 -7.566652928923395249e-02
-5.104620112068492671e-02 2.222293245201660897e-02 -3.537803210133923931e-02 1.100069024969863897e-02
-4.453567005863265371e-02 -1.706455164243712852e-02 -1.147369412970784125e-02 2.959127417814114494e-02
6.355490037995860896e-03 9.920370512947021199e-03 1.211837520724630274e-01 3.880554937255373954e-02
-1.419584653343224957e-02 -1.134214419336440974e-02 1.072031277494911311e-01 -1.977386041750594722e-02
-3.593048208556628292e-02 -6.755048380875502967e-02 3.214893072014124442e-02 -6.553941564849273538e-02
-3.003524974121706340e-02 -2.954411601648851068e-03 2.511918986531622502e-02 -6.268343329958254995e-02
1.309763325654032980e-02 1.335829737452945594e-02 1.401941996694362758e-01 -4.510752537115374564e-03
-5.876951674200579095e-03 -9.546292310501405809e-02 7.385815375662267701e-02 -3.208177839956546235e-02
-1.355330577078831672e-02 5.207254457414953186e-02 -5.749937252432548579e-02 2.465209672321145087e-02
1.956669846269095889e-02 4.034393521072007077e-02 8.626992594746379917e-02 -8.475178321926243874e-02
-2.405702713227431469e-02 -1.872995607785151589e-02 4.529178842187200210e-03 -6.369001979159816251e-02
-2.834039570456399482e-02 2.553589002322233931e-02 -1.811074546964226706e-04 -2.342488134457538715e-02
-9.845671751520195317e-03 3.948203046587753923e-02 -1.337630715259924795e-02 -1.878279576179313695e-02
8.784883063154616534e-02 -7.627606554693801277e-02 -3.737532844140577931e-02 1.101459546493334662e-01
-1.044170627063444978e-04 -3.254677253719543556e-02 7.793429605447112218e-02 -6.536202319173368969e-02
-1.381845592096218010e-02 -1.141343648251576387e-01 6.179231865234596083e-02 -3.746433269000901817e-02
7.882732212985321674e-02 2.515012934682957918e-02 1.472038636346927748e-02 -1.732634201136850488e-02
1.651268713113517028e-02 2.495255300069219168e-02 6.386302209403657559e-02 -5.580661373750556327e-04
8.643356238913735279e-02 -4.918755267881036453e-02 -5.482185787941076111e-02 8.011771145232658708e-02
-9.258053720230844177e-03 1.590726312592706526e-02 7.080198784427270409e-02 3.206734793107817588e-02
1.199536435076901525e-01 -4.013703993981104778e-02 -6.132016784247669439e-02 2.416632911149663686e-03
-2.616152791855565207e-02 1.382199824749866419e-02 -7.372347539989231729e-03 -2.762503433043559525e-02
-4.557989121974984764e-02 -1.540550123108471239e-02 -1.187699653156508960e-02 -3.317823582418268080e-02
1.025184993576018777e-01 -2.572284412732978726e-02 -7.415129337081033389e-02 2.171392364528058200e-02
-5.739592065916913205e-02 -3.473948162416107960e-02 3.460973732525775975e-02 9.392247180755451674e-02
6.541437139985925575e-02 -3.916440319013612947e-02 3.666232225092544428e-02 1.295867545674641297e-01
-4.195992728503979835e-02 5.824113303988588675e-02 -6.135320733094658946e-02 5.340782073014134490e-02
-2.004307873427151054e-02 -8.296759175909208112e-03 8.990172999712439661e-02 3.894820201104409740e-02
1.213269121735805140e-03 -1.969694779490779347e-03 1.026513376432129920e-01 2.246576190758080294e-02
-2.809291834471657964e-02 -1.068200382414587202e-02 -2.480615738069130716e-02 6.533666181758520384e-05
7.834209351215573602e-02 3.098360550131622898e-02 -8.055732978377593001e-02 2.404738786077861498e-02
-1.208908611867600021e-02 -2.248049744872727962e-02 -2.271594955031168081e-02 -4.597335502623976083e-02
-2.779723880671023523e-02 -3.289145633111779932e-02 8.588499414437509791e-03 -3.361228966365052001e-02
8.386241506012889757e-02 -3.545851947724486947e-02 8.173672299976432682e-04 4.280638219080411255e-02
-9.250696368613978843e-03 3.605930107322592032e-02 2.702475769204905343e-02 -2.245608751226936886e-02
-2.938209439897694966e-02 5.156594892363156046e-02 -1.605889888675461966e-02 9.452814756710585520e-02
-5.510513494821606822e-02 2.525387814728463111e-03 3.218816306208883982e-02 6.621569053323302090e-02
-3.130601315088573505e-02 3.810911528995931247e-02 -1.210666192281758917e-02 -5.200505612592221799e-02
-4.190131297573253255e-02 -2.462698598769460026e-02 -6.482670393591909164e-02 9.762936575491402633e-03
1.080730951614663343e-01 -6.869939926047664153e-03 -3.591365150065239237e-02 -8.731639841876573035e-03
-2.106458028526441220e-02 4.566000585243615295e-02 2.753045685086541114e-02 -5.715805973881946112e-02
-2.348629278713372862e-02 2.798374607483050322e-02 3.003064369426336130e-02 -3.475507469462432719e-02
-2.212529910303581183e-03 2.033090052819791146e-02 1.723355815981867517e-02 -6.364123502003540822e-02
-1.927263448649054259e-02 2.875198178155818560e-02 8.712490854783566663e-02 9.786636441661251962e-02
-3.703466689801014362e-03 -3.685806475925704900e-02 4.572445784430023002e-02 -3.502546032597777387e-02
3.472547227584246027e-02 8.358148829584601675e-03 1.388041645813400116e-01 4.312465346659812016e-02
-3.694062280166029305e-02 -1.365374276001804221e-01 -3.088116189004256121e-02 -3.378049530450533133e-02
1.131009273667349380e-01 -2.605478031689219265e-02 2.347341865871268966e-03 1.396616861924243093e-02
-3.636959543616968132e-02 -5.595069133676587592e-02 -4.024161906250001142e-02 4.390568542245831124e-02
-3.773150150224485744e-02 3.398672814102816908e-02 1.926029752270048273e-02 5.168798309042350880e-02
-1.888259038010662531e-03 5.747981848189989695e-02 -1.939765153227574965e-02 -1.854139339990405061e-02
2.233666019139360706e-02 3.505369641756921409e-03 -2.781031177315688822e-03 -9.015911308307571204e-02
-5.514255965242713175e-05 -7.750382723253739989e-03 8.826279655080515249e-03 3.260358335847469979e-02
9.499835701088595041e-03 7.299435926672677433e-02 1.086818091164775124e-01 1.074619180329666095e-03
-3.688684530721976496e-02 7.545257330950107255e-02 -2.537447200529109256e-02 1.126529997316260898e-02
-2.535023688137317058e-02 1.866817533958391867e-02 -3.798474024738651006e-02 -3.557959705419065644e-02
-4.694285755727682641e-02 -7.928586977697796301e-02 -7.753543414056716931e-02 -3.868305572829231626e-02
-2.564498013418507749e-02 7.598402073920820787e-02 -2.576145439759999073e-02 -3.767624397621538793e-03
6.826036782122824054e-02 -1.514555662229781757e-03 -3.001876187698800449e-02 9.013145969295670301e-02
-2.958311365079303867e-02 4.523535305855785546e-03 8.100198763582010242e-02 -7.289452276761771571e-03
1.157674850150274964e-01 -2.334433429672948604e-02 -5.156952208982832492e-02 6.206751385405882143e-02
-3.722994939884602394e-02 -6.243926559704561681e-03 6.340876242015254689e-03 1.218614041799914206e-02
1.274409530325158468e-01 3.764496286726989882e-02 5.838514784110956229e-02 -5.588712721306939024e-02
1.045225937332721899e-01 2.015548873935682148e-02 -1.058441903332505221e-02 1.106477100543026186e-03
-2.538172135136215757e-02 7.858978018235338037e-02 -5.627983946368973062e-02 1.376415745929833109e-02
-4.602436250326500528e-02 -9.390090635187511858e-02 -1.782919122478227036e-02 5.065233810090104261e-02
-3.526656085111980199e-02 3.489222946454788310e-02 -4.537652774316400933e-02 -2.869699473120565156e-02
2.205358795244314468e-02 6.742405596616916907e-02 1.306603271518375353e-01 1.771520522583009544e-02
-2.840229800526090920e-02 5.707874418236055097e-02 -3.824095294636910974e-02 1.145647574456078177e-02
8.920735826897202569e-02 -6.715599993260528561e-03 -5.236184411177306069e-02 4.094726043715170988e-02
-2.589204548750211748e-02 3.391333037083388985e-02 -1.071198289261611394e-03 4.202180923487189995e-02
-5.531436956100167085e-02 -1.116247951421469597e-01 -2.709354584646714303e-02 1.254664865309515140e-02
3.627569056920838895e-03 8.538688328426569801e-03 8.420261890879535138e-02 7.215495569263705167e-02
9.238912252096867506e-02 -4.071176353512376278e-02 -8.703477719698655968e-02 9.735142772630309138e-02
-1.741643641096608103e-02 -3.365345842765116169e-02 2.652734309883196875e-02 -1.217613074753038371e-01
-4.993949633350427270e-02 -1.248705818824555058e-01 -2.795487591314026535e-02 7.464458525718656312e-02
9.325226699991522039e-02 1.251795555371632007e-02 -5.999262969954138186e-02 -5.439192247466272806e-02
-9.752878960462630416e-04 -1.745853061599582021e-02 5.907942830582548627e-02 -1.286943734565790809e-01
-2.087774402428389797e-02 -1.105420072469495141e-01 7.322419809644392479e-03 -7.317957770521073269e-02
-2.056614463883630738e-03 2.606838742012847210e-02 1.110653383797260141e-01 -3.013901265880978078e-02
-4.278646588038741497e-03 -6.863249155885943475e-02 2.090662195781306867e-02 -3.802609872183483619e-02
-4.678885323251084222e-02 -5.704367876135488930e-02 -4.113318974551365831e-02 -5.464042599834612740e-02
-1.971655667278759960e-02 -9.404832696735211661e-02 5.632361763922765635e-02 -9.672097323761499887e-02
-2.941802381173653017e-02 -2.339184984762480643e-02 3.387757360934982778e-03 6.201255987753987245e-03
9.999794741144291121e-02 -1.324622157483190676e-02 4.249692186411375278e-03 -4.504927937112538500e-02
9.126054773903823081e-02 -4.638236902757395669e-02 -2.985796269687907359e-02 7.040588001581084276e-02
1.166516617693598573e-01 -3.312006780316440607e-02 -1.121933553586046232e-02 -1.843637774966228743e-02
9.361630188198365177e-02 2.560766812327038011e-02 2.252813920445917179e-03 -9.691714466522742544e-02
-2.238558572491668175e-02 6.359377249776207441e-02 -4.223302677261465965e-02 -3.637295621272470386e-02
-2.353738810683721552e-02 7.780102224822013635e-02 -7.310155828387057686e-02 2.314190877330645282e-02
-1.603445838106857743e-02 4.083907966766638781e-02 1.411825673299930278e-02 -1.100598454215001229e-02
1.114258984071891945e-01 5.933882151168045661e-03 -2.057483013933029785e-03 -3.128242582374347186e-02
-2.864192035381679310e-02 5.359608967608813033e-04 5.558474825435294475e-02 1.109186762322580122e-01
3.489003876617665246e-03 2.956385520368336878e-02 1.226000967856307466e-01 4.349931943752735619e-02
-2.119165412879947877e-02 4.714723669630853375e-02 -7.255160530001271424e-02 -2.562130103813540019e-02
-5.887650013908785757e-02 -3.450821560688793060e-02 8.903714559196425349e-03 1.876143322767865815e-02
9.460368210738380771e-04 5.990377675139222161e-03 2.256364770906054210e-02 -1.236952600599275781e-01
-1.222145751558303094e-02 6.030304450154314738e-02 1.800168939695790879e-02 -3.940011338035872418e-02
1.037380696481073616e-01 -7.138354133580815213e-03 -5.889541227534855761e-02 5.015587801259809540e-03
1.156910358332297328e-01 -2.902753277158432940e-02 1.657399312853746406e-02 -4.896857188828626466e-03
9.602682954744851118e-02 -1.917350839285206394e-03 -5.953119592078820466e-02 3.349599896143541644e-02
-3.680888757758058599e-02 -2.173855405273983701e-02 2.190763814188060807e-02 2.356883457533789569e-02
-1.851594533155496557e-03 -2.022894212286891272e-02 4.879573978376429422e-02 7.159181472069655423e-04
-4.062879828688591849e-02 -3.836386292905200057e-02 3.261250789493908009e-02 9.687854567653764182e-02
-1.319388526324769863e-02 1.963088585804528483e-02 4.908012657021260106e-02 3.597868130254562591e-02
1.174525870279734957e-01 -1.281666410410615790e-02 -2.383148962147196848e-03 -2.289619630716357990e-02
1.159673764839261323e-02 3.727862052081551414e-02 5.252457031431123635e-02 2.970940490891587488e-02
-2.647725871190123245e-02 -1.776109292609714951e-02 -2.073690871992655074e-02 2.760465196016971545e-02
1.100660697223742462e-01 -3.305781974478611690e-02 -3.539612791820463678e-02 4.315632312767286871e-02
-2.722689777269844680e-02 -6.309231478004363736e-03 -3.202448621255973155e-02 -2.883499831319659423e-02
-3.979942744980435182e-03 5.288099932850507529e-02 7.348170266160590491e-02 6.051267487128579592e-02
-2.381208278615111820e-02 -1.626580251177045522e-01 -4.486027827357001729e-02 5.279020546299398320e-02
-5.727240495188849756e-02 -7.205021529196171948e-02 -3.683151526489418515e-02 1.137854130003773320e-02
-4.240211324702513468e-02 2.046698553941530760e-02 -2.746331049112777506e-02 3.648981095878207209e-02
-3.371228278430520725e-02 1.164208703041258973e-02 -1.910162272422988219e-03 8.335219783702484120e-02
-5.603944016413103801e-02 7.148815652938175953e-03 9.684609258191336639e-03 3.666706512051073896e-02
-3.324226215966166829e-03 6.521468603927327301e-02 -1.016131596414474314e-01 8.066416776089338492e-02
8.105810842109471837e-02 1.978550953524138567e-02 -3.183921355807066249e-03 -9.258483021558988613e-02
6.483036065629427247e-02 4.059666714530577730e-02 -7.466937695620139148e-02 2.463240205185617329e-02
-3.149722148352527423e-02 3.451819868600748686e-02 -4.546874899365805495e-02 1.704083499275202765e-02
6.390490052921703190e-02 7.133961503139037152e-02 -2.747945214649291645e-02 5.182175308281481742e-03
-2.031575283372890478e-02 5.562055885642416819e-03 -2.221188664897407600e-02 1.073411330059338142e-01
-2.024938482223767947e-02 2.204813206777254681e-04 -2.013775508064311395e-02 -7.851987061418833069e-02
9.299712562878942324e-02 1.704608080252953753e-02 -5.824872765601794150e-02 -3.507481355317228211e-02
-2.439844553292509766e-02 2.960734894995310437e-02 5.401176854480143480e-02 -2.310689651704864872e-02
-1.861901192917007203e-02 9.247876103414390259e-02 -1.419855877369358838e-02 -4.821125618998083583e-03
-1.140418584574073510e-02 8.515706360650493467e-02 3.211948213524092044e-02 7.182649705031492540e-03
9.716028099677501140e-02 2.562497573930010500e-02 -4.399018176970833586e-04 -3.647160787926370662e-02
-1.936856579261020395e-02 2.130275181881620405e-02 -1.732811748212596814e-02 -5.338426868430851818e-02
-2.474515137528717282e-02 8.675993202517455483e-02 -2.378409385509433482e-02 -7.625126258848656351e-03
1.071086408293586006e-02 7.859567409521774073e-02 7.431397041385461033e-02 1.181487888249824723e-02
1.097630648212324783e-01 -1.953292191695787591e-02 -3.546305369528399837e-02 7.447100174620767399e-03
-2.805513418635308120e-02 6.240193479401492938e-02 -1.921169273772040977e-03 4.242584972754130657e-02
-1.706546920091545072e-02 4.563171943276802395e-02 -3.235260059816370132e-02 -3.047330545912328020e-02
-1.825376775666373878e-03 5.701311984967355473e-02 4.614428382893107777e-02 -8.415191353882808811e-02
-2.380578234192191889e-02 5.912969076097982640e-02 -5.382564632398358778e-02 3.215323068378410105e-03
-2.116851996268948391e-02 9.413732517350864581e-02 -3.423147942498383500e-02 9.970778943820429729e-02
-1.731394894083028088e-02 9.333922358778315442e-02 -5.420549686779595200e-02 2.042508464353548145e-02
-1.780235031424276179e-02 7.338567805598193716e-02 -1.564854184744712134e-02 4.580197439151725662e-03
-1.390898378581815163e-02 8.560269053242895720e-02 -1.887231822583218532e-02 1.309265657985948447e-02
-4.152868605537993543e-03 6.707802627875070201e-02 7.181511215862659836e-02 2.696295096529091953e-02
-2.459697679319851338e-02 1.210589266952218426e-02 -2.904979861760629070e-02 9.660249108076596203e-02
-7.712935995055381598e-03 3.189542153889989018e-02 1.959490853832570115e-02 1.467330176537691433e-02
-2.334805769191817745e-02 1.857016770234556869e-03 7.349723886127706649e-03 -1.693151915388350567e-02
1.220573252061094988e-01 -2.814939940089248227e-04 -1.279228634745458761e-02 -8.243481904932849214e-02
2.580725670051903925e-02 9.126692682970276305e-03 7.786349890399138496e-02 -9.797873514322226474e-02
2.951291544509633200e-02 9.097915637622850174e-03 6.957627089263664077e-02 -2.732219869004710519e-02
-2.361988147736864690e-02 4.227759123048768081e-02 2.706467405200859225e-02 1.870760016989533869e-02
-2.466314207748271370e-02 2.629918982534623292e-02 -6.310138635762925670e-03 -8.573210117473868686e-02
-2.719853685833744858e-02 5.016309526289755745e-03 -1.845575356040017254e-02 -6.290347467935773762e-02
-4.420469647450465944e-02 -4.432228660053470770e-02 2.898311826049897524e-02 -3.956657528685655900e-02
-4.115544563907969425e-03 7.656670449842532811e-02 1.887682966286038933e-02 -3.103503538851130200e-02
-4.358229170836885186e-02 1.177922370056756242e-02 2.609047980156099702e-03 2.356402077872779208e-02
-5.944187468506254707e-03 8.974450075464240895e-02 -4.060409518568393154e-03 -2.463888942263113557e-02
-3.370145516995580633e-03 6.337686883432530616e-02 -2.034327995907385910e-03 -6.657617933447614045e-02
1.379350927407972660e-01 5.165644029668354197e-03 3.730591672955740901e-02 -7.738343615741216652e-03
-2.412378839538241795e-02 9.161764611453088181e-02 -4.116696274263247773e-02 2.681948744892428266e-02
-2.815998064498144091e-02 3.657952205998057232e-02 4.046813744934008028e-02 3.740926386890087996e-02
-2.792702379530208681e-02 7.293389993028685792e-02 -5.939813320871939473e-02 8.344758351850957087e-03
5.935882331834423098e-02 -4.339848242827520214e-02 1.103388085565966403e-02 6.633981930367108260e-02
-4.238247480910690979e-02 3.159284787850231979e-02 -4.007390067122113680e-02 7.356985607268104466e-02
-2.096060101340520634e-02 1.692155324536559480e-02 -3.175189366757654591e-02 -6.147749399517963426e-02
8.294134367092104165e-02 2.336972255523719205e-02 -1.798944082655246773e-02 4.434779056022979116e-02
-6.124749074357420386e-02 -3.877652782097940759e-02 -4.095439929751639591e-02 2.893099355891428151e-02
-2.506635789776899895e-02 7.263608670033355752e-02 -7.577160432593225969e-02 3.965078744354857271e-02
-1.827879155408277528e-02 7.898457517045154308e-02 -7.045531590773801423e-02 2.889435105716931657e-02
4.583514717642536707e-02 -1.928696479921421236e-02 1.553247900953929894e-01 1.125072446511591606e-01
-3.926199850865067648e-02 3.101185945111461541e-03 -6.793648365186878701e-02 -2.727767376633509835e-02
7.974137414887255693e-03 4.188224471372156699e-02 4.472008799512568536e-03 -4.291888413578423545e-02
-1.077259273263029248e-02 6.521631072817488106e-02 -1.404308616452291242e-02 -4.091773858846414064e-02
-4.576759281254714345e-02 9.319370771215133853e-03 -1.794130951316725425e-02 -3.116887683555841313e-03
-1.932144266160509133e-02 3.752502962817039212e-02 1.317658053193763307e-02 -4.069816272776954208e-02
-2.390164011407772474e-02 1.214355121564942436e-02 -1.327180640285101527e-02 2.998146293066286661e-02
-1.999004727712032012e-02 3.383106638806331751e-02 -1.561147390313957772e-02 -4.564795236790294281e-02
-4.732762717516190293e-03 4.218647566286458372e-02 7.300830187625059493e-04 2.648490957233059703e-02
-4.485147696783170490e-02 -1.394251556864233299e-01 -3.288447599101349678e-02 -6.805869139999212725e-03
-4.814434368199358577e-02 -8.354290903703112670e-02 2.787319391784551931e-02 1.414627412273657958e-01
-2.224489708082571723e-02 7.262923878839824821e-02 -1.716995893075217577e-02 5.465027652244568851e-02
-1.916159495593809658e-02 -9.839871796572828566e-03 2.888939836107830630e-02 4.711248400549614135e-02
-4.852786476445279662e-02 -1.504221089727247329e-01 -6.323563122760794686e-02 -1.901026253320347095e-02
-3.352529797285450780e-02 6.919800632078280597e-03 -4.416576775033378977e-02 -6.661677181520790636e-02
-1.574824902343337218e-02 1.227658926647861963e-02 6.183887839395679764e-02 3.966695180954447203e-02
7.575621232180770881e-02 4.698933339088494365e-02 -1.830262630380004654e-02 -3.764158122741855655e-02
-3.894026924535704676e-02 4.384834927026630413e-02 -8.254272644423372995e-02 -8.475435624680661278e-04
-2.898255011515910029e-02 6.670544658314474240e-02 -3.839583167280141707e-02 -2.107173371045093294e-02
-1.577288637139199340e-02 6.797728830232468988e-02 -1.402180096013726403e-02 -7.283883386384062443e-03
9.185927587474451705e-02 -7.812934605579326813e-03 1.060002025000027562e-02 1.064252734965632496e-01
-3.235680133211087800e-02 5.191153682098150965e-03 1.369340905211441535e-02 -5.789934034917287170e-02
1.595139233080186854e-03 4.120696883716674225e-02 2.734132912442701138e-02 2.642772598851157728e-02
-3.695665190636553132e-02 -9.247748117828093195e-02 1.449899219274198778e-03 -3.770030216175322690e-02
-3.278196536740342337e-02 6.554132722903244224e-02 -5.253609648300462676e-02 -2.812157482261016042e-02
-3.313433046243158958e-02 -5.225339888774731267e-02 -7.810729005753999643e-02 -4.808465942069458515e-03
-9.996926757185073051e-03 1.921744827946397435e-02 5.008464347031918451e-02 2.038050388555761455e-02
7.953119339809289201e-02 5.396662428237285203e-02 -6.626709671054072104e-02 1.482769746857086866e-02
3.005661087853567226e-02 -9.348267881878702390e-03 2.123137007583834543e-02 -1.674825860906644162e-02
-5.537767143914618800e-02 -5.584686560550918694e-02 4.636464596031812310e-03 9.848557256587305020e-02
1.112956791504993437e-01 -4.796016237470939608e-02 -3.153382022126612755e-02 2.348298168885329731e-03
-2.178476127808949211e-02 9.726212289825912974e-03 7.630285170023942687e-02 -9.097744814961618645e-03
1.087035945519498753e-01 -4.666930028668230565e-04 -1.592939863368615996e-02 -5.263916927387737171e-02
-2.185205470196634539e-02 5.115558507689393214e-02 -1.330835438232277380e-02 -6.147492938503947013e-02
-2.645516773034518876e-02 -1.129037381514541930e-02 -5.679336828958883587e-02 -2.606094892759306184e-02
-4.092146347785946547e-02 5.241366078585849714e-02 -2.354547749506448115e-02 4.718584871378563722e-02
-3.246951427686778358e-02 6.505686147563964628e-02 -6.754923731689040090e-02 -2.477380615717114654e-02
-2.378464607035247688e-02 2.567147321659436071e-02 6.799598200680026516e-02 6.502897115609120038e-02
-2.582674973646189101e-02 2.810630471948081036e-02 -8.342975583322734603e-03 -4.915461238365016056e-02
8.274468187130626373e-02 4.895454995162083767e-02 -1.783896426398165480e-02 -5.852072735192702380e-02
1.044815451542273760e-01 -6.079375307455505209e-03 -3.296989613399152821e-03 -5.348805478565233501e-02
4.461346284774347914e-02 1.515052470117252831e-02 7.815565180812883428e-02 4.175985103218105704e-02
-3.185971507315386864e-02 -1.330219993726774741e-01 -1.194584971150953329e-02 -8.951228792140451807e-02
-3.564590441842291346e-02 3.594812936587033630e-02 -3.071384689025030094e-03 1.033512565097836206e-02
-2.193498159332884709e-02 3.969228592234293890e-02 2.448376780420813414e-02 -3.020143381584660877e-02
3.203254785663190579e-02 1.266523478348392101e-02 1.261167855541085736e-01 -2.326301360994071244e-03
4.642311129454896983e-03 5.380040440284750147e-02 8.823328760796934900e-02 1.073626982163062085e-02
-1.760017741440769029e-02 6.584388527935154840e-03 3.628724772020441858e-02 -3.692886029385165914e-02
-1.296780109357769696e-02 -1.115575132272104003e-01 6.182825947829304752e-02 -8.449737045438855676e-02
8.560459090025619722e-02 2.042767778489347139e-02 -1.038614781250560282e-02 -6.611505889695547256e-02
-2.141947489815102315e-02 3.213329852357597709e-03 2.966516604166181612e-02 -7.964021832400609846e-02
-4.061471667442885514e-02 -8.214366023239506875e-02 2.880388187127576327e-02 -1.233686710053908363e-02
-2.732325962838490566e-02 1.317098259357704637e-02 -5.606812954198344551e-03 8.936125413341249740e-03
2.800402078363450290e-03 1.669518627846584141e-02 1.315362544529131983e-01 1.109777034718894828e-01
-7.921533859329707786e-03 1.673109408830305211e-03 1.455160010116391886e-02 -1.971548740353019219e-02
5.109327803678202773e-02 3.784448031977572652e-02 9.958940180342383541e-02 6.352350656700350706e-02
-5.894650004865488631e-03 6.296358066464453895e-02 4.403443938045615950e-03 -4.278759932567514218e-02
-3.254405459833267095e-02 -1.232793143526591390e-01 1.483760268940876280e-02 1.023361709455645890e-01
1.007551780935740104e-01 -1.101619174481408524e-02 -4.934517053751588667e-02 -2.989861393619280133e-02
2.723035751079627351e-02 4.248515798740128829e-02 8.016281102666289460e-02 2.187905839189747265e-02
4.012489531221503578e-03 -1.677265838911988147e-02 8.496188235326598837e-02 3.553314329373090386e-02
3.478552676684200633e-03 6.036421031966895945e-02 7.757043310934508273e-02 1.101061574264504189e-03
1.037358965373368774e-02 -1.862079107307440702e-03 1.133976388513760897e-01 -1.329410327783090047e-02
-9.789779119644482011e-03 -3.793913299605984613e-02 2.207902207598586367e-02 -9.182768399699593742e-02
-2.937975715385456391e-02 3.067806416960970270e-02 -2.197159537976209331e-02 2.547605681100887851e-02
-2.564837916243989033e-02 -1.405466975853736887e-02 7.334946497437055957e-02 1.452913281421239385e-02
-1.916103085185436126e-03 -5.636989577955237724e-02 7.610146287052314829e-02 -6.443468419459991159e-02
-3.299134000522261495e-02 -8.678482812074293784e-02 1.520052636354969795e-02 -3.252598781656111659e-02
-8.784483458113103924e-03 -9.638233780826652164e-02 2.123393631039518364e-02 6.865244135695130860e-03
5.500391474517627582e-02 3.474065311386136112e-02 8.700102017602129312e-02 -8.885806375350210548e-03
-4.091256752052088025e-02 -5.659610811613803583e-02 -3.024217456221512529e-02 -9.249355468352071785e-02
7.201630906744985183e-02 3.242840810059070128e-02 6.630014772092030113e-03 -1.992814748823910301e-03
7.530494012863854503e-02 -1.480455760024592185e-02 2.880838171522931423e-02 3.807746490056043015e-02
-3.242716303825152885e-02 6.729883352502344374e-02 -5.706301735115590357e-02 4.056419892199485643e-03
1.022205658953586477e-01 -1.354603174092043269e-02 -6.228837501752146344e-02 -3.989851838001382683e-02
-2.340197819987851688e-02 -1.415356811941794607e-03 1.238037986874732446e-02 8.488616256641770552e-02
-3.456539379881518048e-02 -5.366898677552307123e-02 2.954376767316321817e-02 -1.063040028316177971e-01
-5.252429570736530384e-02 -3.741990082710364846e-02 4.266642197488094632e-03 -1.292162770263121166e-02
-4.172495835347922455e-02 2.586891244086760369e-02 -1.456127601621607509e-02 -5.173283040833180461e-04
-2.524742285069659156e-02 -7.086925549430144605e-03 1.053712265411218402e-01 2.280321841563878391e-02
-4.230266918276750360e-02 3.473780945634473427e-02 3.408110543340995570e-04 4.291383451135751675e-02
1.197164148166802583e-01 -3.020842199850039267e-02 -2.462057807243246341e-02 1.332888260195521854e-02
-4.917423867878569638e-02 -4.825483556540126340e-02 2.950899406054339688e-02 5.315818325400570310e-02
3.374734848919012237e-02 6.585054098320392534e-03 8.751429782003834756e-02 1.006350260210152336e-02
-3.347512626607633546e-02 5.268734023266866823e-02 -5.798586055713801646e-02 2.640929779737453964e-02
-4.438019266108787081e-02 -6.828599912580833597e-02 -3.773193197324884590e-02 -1.350905376622837072e-02
-3.143430845050420447e-02 -3.544608831021212741e-02 -1.979288182826481265e-02 -4.479381254701759324e-02
-1.399193565547567596e-02 2.525869717675338286e-02 3.021589253265566030e-02 3.224869302824984879e-02
-3.783572274285126186e-02 -7.245344369169899601e-02 2.439243112844464642e-02 5.434179357296798490e-02
8.740126577749231240e-02 2.105086259499489021e-02 -2.606685653192110028e-02 2.834728254302882125e-02
9.932194838517380275e-02 -1.695213267829483519e-02 3.445071551866527720e-02 5.113835175026321123e-02
-5.257071837666524132e-03 5.238523903105791329e-02 4.755852282899057128e-03 -2.366240246910910477e-02
1.003813558750034224e-01 1.208971859810199084e-02 -3.186833285376344804e-02 -1.408965233758766034e-02
-2.763962423938861896e-03 2.645798058829382932e-02 9.841878572916203105e-02 3.795449088235906127e-02
-3.851376715860725664e-02 5.877052070350090307e-02 2.112713257730781165e-03 2.911112707766931942e-02
-4.542261062694121637e-02 3.032790896851959503e-03 -1.007460588089616194e-02 5.459630446852047070e-02
-4.790893089463885146e-02 -1.105806963365136147e-01 -1.003345632981556164e-02 -3.784923051992885451e-02
-6.164612075059852647e-02 -6.926111320189037857e-02 -5.155770752446365429e-02 7.146027382986246124e-02
1.049521900097625388e-01 -7.344475243480790005e-02 -6.680308320065300731e-02 8.348409961082402242e-02
6.542444237410730001e-02 3.361831477566550042e-02 8.125753990085671230e-02 4.087519581359103614e-03
-2.531291551708510570e-02 -2.053897247040278179e-02 3.505271439416215995e-02 -9.347882610217497779e-02
-4.150032932497411259e-02 4.898540738583215953e-02 -4.150595404592688498e-02 1.282759864662068794e-03
-3.267550636526161956e-02 2.489631086217112751e-02 4.318789839965664693e-03 3.886819643633407546e-03
-2.576148011715819960e-02 6.545808730251546914e-02 -5.260598342748673550e-02 4.497569228515453654e-02
-3.909975367797485085e-02 -2.366707683716750762e-03 -7.159963899044599622e-02 -4.743754713066145046e-02
-7.013219158057980296e-02 -2.192926661154968523e-02 -3.000791247717493962e-02 8.204272317834186701e-02
-2.427481326081247504e-02 1.995030457592399109e-02 1.068639137518563424e-02 9.994213802973193200e-03
-2.886381320923562047e-02 7.008766596594863396e-02 -3.404884772775823576e-02 3.446484287289696552e-02
-3.957440303389993252e-02 -3.586109514996652786e-02 2.099948157887835537e-02 7.652554981976769644e-02
-1.762879315912622633e-02 2.651425036732748403e-02 4.150842440806749162e-02 1.612203915208688942e-02
-4.613503312317114580e-02 1.066681313530715505e-02 -5.773178006063527622e-03 4.857080393581385963e-02
-7.523709273487864252e-03 6.744777680275888809e-02 -8.983434452808147092e-03 -5.935350940700011291e-02
-3.015377142777041219e-02 -2.028327356573603191e-02 -3.983636052497827040e-02 -1.347610665359591682e-02
-3.356478238273664927e-02 3.011742781369777799e-02 -5.165678503663261034e-02 1.976778491894545450e-02
-4.086684910064011800e-02 -7.694027287921881286e-02 -6.070855405218098660e-02 -1.666777088914719179e-02
-2.944678500877233318e-02 -9.310302800410170943e-02 -4.518484952096672724e-02 -2.621290337279825328e-02
-4.931314152037204884e-02 -7.474663146351138987e-02 -5.114483010970641286e-02 -4.859123937141697491e-03
7.910352806322293318e-02 1.713076469184027359e-04 -3.165780179856956394e-02 -8.083292691791560403e-02
4.296050085406376284e-02 4.182931233519941033e-02 7.999810578494803703e-02 1.094824985721909276e-02
-6.974789080157337701e-03 8.634192496197476419e-02 -7.483794905044029513e-03 -5.407361338949057128e-02
-4.704873176994249506e-02 2.043604613890837723e-02 -3.568278970095838110e-02 1.255263044220988611e-01
-1.443705556643088816e-03 4.828436196255024571e-02 3.264139259988861619e-02 -1.151979063926748467e-02
9.362930488301944576e-02 3.609285133677252264e-04 -1.148920865511615999e-02 -2.280477514872615227e-02
-3.866410410449779705e-02 8.470210218955355475e-02 -2.387562626070164132e-02 1.812166921508574086e-02
-3.475577198255868500e-02 4.751346804438150856e-02 -5.967233318322437592e-03 7.340307954537232671e-02
